CCI,index,Annotation,ZT
-1.026536375284195,AAACAACGAATAGTTC-1,14/HY,2
-0.0456716616948446,AAACAAGTATCTCCCA-1,"9/II,III,IV",3
3.224029997984569,AAACAATCTACTAGCA-1,1/MB,7
1.3128565053145091,AAACAGAGCGACTCCT-1,0/HYL,5
-0.4648995101451874,AAACAGCTTTCAGAAG-1,10/I,3
0.608715256055196,AAACAGGGTCTATATT-1,10/I,4
-0.5616368651390076,AAACCCGAACGAAATC-1,"9/II,III,IV",3
-0.5616368651390076,AAACCGGGTAGGTACC-1,2/VL,3
-1.026536375284195,AAACCGTTCGTCCAGG-1,5/PIR,2
-1.026536375284195,AAACCTCATGAAGTTG-1,2/VL,2
1.4527215460936231,AAACGAAGAACATACC-1,7/cpd,5
-0.4648995101451874,AAACGAGACGGTTGAT-1,3/CA3,3
0.7981760799884796,AAACGGGTTGGTATCC-1,14/HY,4
0.0,AAACGTGTTCGCCCTA-1,7/cpd,4
-0.4648995101451874,AAACTAACGTGGCGAC-1,0/HYL,3
-1.026536375284195,AAACTCGTGATATAAG-1,8/CA1,2
0.0,AAACTGCTGGCTCCAA-1,11/fxs,4
-1.026536375284195,AAACTTGCAAACGTAT-1,5/PIR,2
3.9478349486986803,AAAGACCCAAGTCGCG-1,0/HYL,7
-0.4648995101451874,AAAGACTGGGCGCTTT-1,2/VL,3
-0.4648995101451874,AAAGCTTGCCTACATA-1,7/cpd,3
1.2033411165078478,AAAGGCTCTCGCGCCG-1,5/PIR,5
-0.4648995101451874,AAAGGGATGTAGCAAG-1,0/HYL,3
-0.4648995101451874,AAAGGGCAGCTTGAAT-1,2/VL,3
-0.4648995101451874,AAAGGTAAGCTGTACC-1,0/HYL,3
1.4139900922775268,AAAGTAGCATTGCTCA-1,10/I,5
-0.5616368651390076,AAAGTCACTGATGTAA-1,0/HYL,3
0.27386821806430817,AAAGTCGACCCTCAGT-1,2/VL,4
-0.4648995101451874,AAAGTGTGATTTATCT-1,11/fxs,3
-0.4648995101451874,AAAGTTGACTCCCGTA-1,11/fxs,3
-0.4648995101451874,AAATAACCATACGGGA-1,0/HYL,3
-0.4648995101451874,AAATAAGGTAGTGCCC-1,11/fxs,3
-1.026536375284195,AAATACCTATAAGCAT-1,11/fxs,2
-0.4648995101451874,AAATAGCTTAGACTTT-1,13/CA1-pyramidal layer of the hippocampus,3
-1.026536375284195,AAATAGGGTGCTATTG-1,"4/V,VIa,VIb",2
-0.4648995101451874,AAATCGTGTACCACAA-1,2/VL,3
0.8028030892213185,AAATCTAGCCCTGCTA-1,"9/II,III,IV",4
0.0,AAATGATTCGATCAGC-1,8/CA1,4
-1.026536375284195,AAATGCTCGTTACGTT-1,1/MB,2
-0.4648995101451874,AAATGGCATGTCTTGT-1,6/TH,3
-0.4648995101451874,AAATGGTCAATGTGCC-1,3/CA3,3
-0.5616368651390076,AAATGTGGGTGCTCCT-1,1/MB,3
-0.4648995101451874,AAATTAACGGGTAGCT-1,3/CA3,3
-0.4648995101451874,AAATTACACGACTCTG-1,0/HYL,3
-0.4648995101451874,AAATTACCTATCGATG-1,15/DG,3
-0.4648995101451874,AAATTCCAGGTCCAAA-1,"4/V,VIa,VIb",3
4.399618724981943,AAATTGCGGCGGTTCT-1,14/HY,8
-0.5616368651390076,AAATTGGTGAGAAGCA-1,7/cpd,3
0.36080415050188697,AAATTTACCGAAATCC-1,0/HYL,4
0.3514364163080851,AAATTTGCGGGTGTGG-1,5/PIR,4
-0.4648995101451874,AACAACTGGTAGTTGC-1,3/CA3,3
-0.4648995101451874,AACAATTACTCTACGC-1,2/VL,3
-1.026536375284195,AACACACGCTCGCCGC-1,"4/V,VIa,VIb",2
-0.4648995101451874,AACACGACTGTACTGA-1,6/TH,3
-0.5616368651390076,AACACGAGACGCGGCC-1,5/PIR,3
-1.026536375284195,AACACGCGGCCGCGAA-1,1/MB,2
2.114253362019857,AACAGGAAATCGAATA-1,6/TH,6
-0.4648995101451874,AACAGGATGGGCCGCG-1,2/VL,3
0.06239579121271765,AACAGGTAGTATGGAT-1,"9/II,III,IV",4
-0.4648995101451874,AACATATCAACTGGTG-1,15/DG,3
-1.026536375284195,AACATCGATACGTCTA-1,12/cingulum bundle,2
0.9825471242268882,AACATTGGTCAGCCGT-1,14/HY,4
-0.4648995101451874,AACCAAGACTTCTCTG-1,2/VL,3
-0.4648995101451874,AACCAGTATCACTCTT-1,0/HYL,3
-0.5616368651390076,AACCATGGGATCGCTA-1,1/MB,3
0.7576492031415303,AACCCAGAGACGGAGA-1,1/MB,4
0.1977060536543528,AACCCGATAGGGCTTC-1,12/cingulum bundle,4
0.0,AACCCTACTGTCAATA-1,13/CA1-pyramidal layer of the hippocampus,4
1.4407640596230824,AACCCTGGTGGAACCA-1,0/HYL,5
-0.4648995101451874,AACCGAGCTTGGTCAT-1,7/cpd,3
1.6633733411629996,AACCGCTAAGGGATGC-1,"4/V,VIa,VIb",5
1.933419406414032,AACCGTTGTGTTTGCT-1,6/TH,5
-1.026536375284195,AACCTGTCACGGAATT-1,"4/V,VIa,VIb",2
1.343139866987864,AACCTTTAAATACGGT-1,"9/II,III,IV",5
-0.4648995101451874,AACCTTTACGACGTCT-1,0/HYL,3
3.5748517115910854,AACGATAATGCCGTAG-1,"4/V,VIa,VIb",7
-0.4648995101451874,AACGATAGAAGGGCCG-1,0/HYL,3
-0.4648995101451874,AACGATATGTCAACTG-1,6/TH,3
-0.4648995101451874,AACGCATGATCTGGGT-1,15/DG,3
3.995677212874096,AACGCGAACGGCAACA-1,1/MB,7
-0.4648995101451874,AACGCGGTCTCCAGCC-1,0/HYL,3
1.4787355760733285,AACGCTGTTGCTGAAA-1,"9/II,III,IV",5
2.2225510478019714,AACGGACGTACGTATA-1,"4/V,VIa,VIb",6
1.3531294663747149,AACGGCCATCTCCGGT-1,5/PIR,5
2.665165662765503,AACGTACTGTGGGTAC-1,5/PIR,6
3.7229566216468815,AACGTAGTCTACCCAT-1,1/MB,7
0.0,AACGTCAGACTAGTGG-1,7/cpd,4
-0.4648995101451874,AACGTGATGAAGGACA-1,0/HYL,3
-0.4648995101451874,AACGTGCGAAAGTCTC-1,3/CA3,3
-1.026536375284195,AACTACCCGTTTGTCA-1,"9/II,III,IV",2
4.120064909259478,AACTAGCGTATCGCAC-1,1/MB,8
1.3284528652826946,AACTAGGCTTGGGTGT-1,10/I,5
0.0,AACTCAAGTTAATTGC-1,2/VL,4
1.976033399502436,AACTCCTAATCCCATG-1,0/HYL,5
0.20116792122522986,AACTCGATAAACACGT-1,14/HY,4
3.1175009409586583,AACTCGATGGCGCAGT-1,1/MB,7
-0.4648995101451874,AACTCTCAATAGAGCG-1,8/CA1,3
2.380813976128896,AACTCTCAGTGTGCTC-1,5/PIR,6
-1.026536375284195,AACTGAGGTCAGCGTC-1,0/HYL,2
1.4696677426497142,AACTGATATTAGGCCT-1,6/TH,5
-0.4648995101451874,AACTGGGTCCCGACGT-1,6/TH,3
-0.4648995101451874,AACTGGGTTCGAGCCG-1,7/cpd,3
2.974830369154612,AACTGGTGTGGGCCTT-1,1/MB,6
0.0,AACTTGCCCGTATGCA-1,2/VL,4
1.0389199137687684,AACTTGCGTTCTCGCG-1,14/HY,5
2.50883283217748,AACTTTAGCTGCTGAG-1,1/MB,6
-0.4648995101451874,AACTTTCTCGATCATG-1,7/cpd,3
-0.4648995101451874,AAGAAATCACCAGATT-1,"4/V,VIa,VIb",3
5.622612426678341,AAGAAGGATCAGTTAG-1,1/MB,9
3.3312443693478904,AAGACTAACCCGTTGT-1,1/MB,7
-0.4648995101451874,AAGACTGCAAGCTACT-1,3/CA3,3
0.0,AAGAGATGAATCGGTA-1,2/VL,4
-0.4648995101451874,AAGAGCTCTTTATCGG-1,3/CA3,3
-1.026536375284195,AAGAGGATGTACGCGA-1,2/VL,2
-0.4648995101451874,AAGAGGCATGGATCGC-1,8/CA1,3
-0.4648995101451874,AAGATTGGCGGAACGT-1,6/TH,3
2.285587737957637,AAGCATACTCTCCTGA-1,"4/V,VIa,VIb",6
-0.4648995101451874,AAGCCGAAGCGGTTTA-1,"9/II,III,IV",3
-0.4648995101451874,AAGCCGCTTTACCTTG-1,7/cpd,3
0.7861062407493591,AAGCGGAGTGCGCGCA-1,12/cingulum bundle,4
-1.026536375284195,AAGCGGCGTCATGGGT-1,0/HYL,2
2.165710389614105,AAGCTAGATCGAGTAA-1,"4/V,VIa,VIb",6
-0.4648995101451874,AAGCTCGTGCCAAGTC-1,3/CA3,3
1.2250068883101144,AAGCTCTTTCATGGTG-1,"9/II,III,IV",5
0.5401093761126201,AAGGAGAACTTATAAG-1,1/MB,4
-0.4648995101451874,AAGGAGCGGTTGGTGC-1,7/cpd,3
-0.4648995101451874,AAGGATCGATCGCTTG-1,11/fxs,3
-0.4648995101451874,AAGGATGAGGGACCTC-1,6/TH,3
-1.026536375284195,AAGGCAGGCTGTCTCC-1,"9/II,III,IV",2
0.0,AAGGCGCGTAAAGCTT-1,7/cpd,4
-0.4648995101451874,AAGGCTGTGCTCATCG-1,3/CA3,3
-0.4648995101451874,AAGGGACAGATTCTGT-1,8/CA1,3
-0.4648995101451874,AAGGTATCCTAATATA-1,6/TH,3
-0.4648995101451874,AAGGTGATAAACCAGC-1,11/fxs,3
1.1713810116052628,AAGTAAGCTTCCAAAC-1,1/MB,5
0.9872983495394388,AAGTAGAAGACCGGGT-1,0/HYL,4
-0.4648995101451874,AAGTAGTGACGCGAGG-1,2/VL,3
1.3363955716292064,AAGTCAATTGTCGTCA-1,"4/V,VIa,VIb",5
-0.4648995101451874,AAGTCTAGTAGCTGCC-1,7/cpd,3
-0.5616368651390076,AAGTGACGACCGAATT-1,5/PIR,3
0.2801835636297861,AAGTGCCTTGACTGTA-1,"4/V,VIa,VIb",4
-1.026536375284195,AAGTGCGTTAGAATCT-1,5/PIR,2
0.8336780071258545,AAGTGTTTGGAGACGG-1,"4/V,VIa,VIb",4
0.09030045072237647,AAGTTCACTCCAAGCT-1,"9/II,III,IV",4
-0.4648995101451874,AAGTTCAGTCTGCGTA-1,8/CA1,3
-0.5616368651390076,AAGTTCGGCCAACAGG-1,5/PIR,3
0.9088403185208638,AAGTTTACTAATGGCA-1,1/MB,4
-0.4648995101451874,AATAACAACGCTCGGC-1,2/VL,3
-1.026536375284195,AATAACACTAGAACAA-1,5/PIR,2
-1.026536375284195,AATAAGTCCTCGAGAC-1,1/MB,2
0.0,AATACAATGTTTCAGG-1,2/VL,4
-1.026536375284195,AATAGAACAGAGTGGC-1,5/PIR,2
1.77230233947436,AATAGAATCTGTTTCA-1,"4/V,VIa,VIb",5
0.43591619531313575,AATAGCAAGCCTCCTG-1,0/HYL,4
-0.5616368651390076,AATAGCTACCGCGTGC-1,12/cingulum bundle,3
-0.5616368651390076,AATAGTCCGTCCCGAC-1,10/I,3
-0.5616368651390076,AATATCAAGGTCGGAT-1,0/HYL,3
-1.026536375284195,AATATCGAATCAATGC-1,"9/II,III,IV",2
-0.4648995101451874,AATATCGAGGGTTCTC-1,15/DG,3
0.0,AATATTGGAGTATTGA-1,2/VL,4
2.0143868724505105,AATCAGACTGCAGGAC-1,14/HY,6
0.7923145095507302,AATCATGTAAAGACTC-1,"9/II,III,IV",4
-1.026536375284195,AATCCAAGGGCCTGAG-1,0/HYL,2
2.3741915027300515,AATCCATGCAAGGGTG-1,1/MB,6
-0.4648995101451874,AATCGCCTCAGCGCCA-1,8/CA1,3
-1.026536375284195,AATCGCGCAGAGGACT-1,"4/V,VIa,VIb",2
0.0,AATCGGGACACTACGA-1,7/cpd,4
0.0,AATCTATGCCGGAGCC-1,8/CA1,4
-1.026536375284195,AATCTCTACTGTGGTT-1,5/PIR,2
-0.4648995101451874,AATCTGCGTTGGGACG-1,15/DG,3
-0.4648995101451874,AATCTGGGTAGACCCT-1,1/MB,3
-1.026536375284195,AATGACAGCAATGTCT-1,5/PIR,2
-0.4648995101451874,AATGACGTAGGATGTC-1,13/CA1-pyramidal layer of the hippocampus,3
0.0,AATGACTGTCAGCCGG-1,7/cpd,4
-0.4648995101451874,AATGATGATACGCTAT-1,0/HYL,3
0.0,AATGATGCGACTCCTG-1,15/DG,4
-0.4648995101451874,AATGCAACCGGGTACC-1,0/HYL,3
-0.4648995101451874,AATGCACCAAGCAATG-1,0/HYL,3
-0.12122500439484918,AATGGTCCACCGTTCA-1,2/VL,3
0.0,AATGGTTCTCACAAGC-1,7/cpd,4
-0.4648995101451874,AATTAAAGGTCGGCGT-1,3/CA3,3
1.1366677048305671,AATTAGCGCTGCAGCG-1,"4/V,VIa,VIb",5
-0.4648995101451874,AATTCATAAGGGATCT-1,6/TH,3
1.4723611474037168,AATTCCAACTTGGTGA-1,14/HY,5
0.7253444890181224,AATTCTAGAGTTAGGC-1,"4/V,VIa,VIb",4
0.0,AATTGAACGCTCTGGT-1,11/fxs,4
1.7227096060911813,AATTTGGGACATAGTA-1,0/HYL,5
-0.4648995101451874,AATTTGGTTCCAAAGA-1,6/TH,3
2.2809653480847683,ACAAATCGCACCGAAT-1,"4/V,VIa,VIb",6
-0.5616368651390076,ACAAATGGTAGTGTTT-1,11/fxs,3
3.9246505300203967,ACAAATTCAGATCTGA-1,0/HYL,7
-0.4648995101451874,ACAACAGCATGAGCTA-1,0/HYL,3
-1.026536375284195,ACAACGGTCCCTGCGA-1,2/VL,2
-0.4648995101451874,ACAAGCAGTGCCTAGC-1,2/VL,3
-0.4648995101451874,ACAAGGAAATCCGCCC-1,"4/V,VIa,VIb",3
0.0,ACAAGGACAAGAGGTT-1,3/CA3,4
-0.4648995101451874,ACAAGGGCAGGCTCTG-1,3/CA3,3
-0.4648995101451874,ACAATAGTCGTACGTT-1,2/VL,3
-0.4648995101451874,ACAATCCATTTAAACC-1,2/VL,3
0.9850987394650776,ACAATCGATCTTTATA-1,1/MB,4
-1.026536375284195,ACAATGATTCTTCTAC-1,0/HYL,2
-1.026536375284195,ACAATTGTGTCTCTTT-1,"9/II,III,IV",2
-0.4648995101451874,ACAATTTGAGCAGTGG-1,6/TH,3
1.0125549137592316,ACAATTTGGCCATATT-1,"9/II,III,IV",5
0.0,ACACAAAGACGGGTGG-1,0/HYL,4
-1.026536375284195,ACACAAATATTCCTAG-1,7/cpd,2
-0.4648995101451874,ACACACCAGGACCAGT-1,11/fxs,3
-1.026536375284195,ACACACTTTCTACACG-1,6/TH,2
-0.4648995101451874,ACACCACATAATTAGC-1,11/fxs,3
0.0,ACACCCAGCATGCAGC-1,7/cpd,4
0.0,ACACCCGAGAAATCCG-1,7/cpd,4
0.0,ACACCTTAAGTAGGGC-1,7/cpd,4
1.8035325606664023,ACACCTTACTACTTGC-1,"4/V,VIa,VIb",5
-0.4648995101451874,ACACGAGACTCCTTCT-1,0/HYL,3
-1.026536375284195,ACACGGCACTATGCAT-1,1/MB,2
-0.4648995101451874,ACACGGGAACTTAGGG-1,0/HYL,3
0.0,ACACTGATCAAGGTGT-1,5/PIR,4
1.3390039503574371,ACAGATTAGGTTAGTG-1,1/MB,5
-1.026536375284195,ACAGCATAGAGCCAGT-1,7/cpd,2
-0.4648995101451874,ACAGCGCACCCGCAGC-1,0/HYL,3
-1.026536375284195,ACAGGCTTGCCCGACT-1,"9/II,III,IV",2
-1.026536375284195,ACAGGTGGAGGTGAGG-1,5/PIR,2
0.4151675303777058,ACAGTAATACAACTTG-1,10/I,4
-1.026536375284195,ACAGTATACCGTGGGA-1,7/cpd,2
-0.4648995101451874,ACATAATAAGGCGGTG-1,0/HYL,3
0.3960723082224528,ACATCAGCTGGGACGC-1,10/I,4
-0.09657130142052972,ACATCCCGGCCATACG-1,5/PIR,3
-0.4648995101451874,ACATCCTGGTAACTGT-1,11/fxs,3
-0.4648995101451874,ACATCGATCGTTTACC-1,3/CA3,3
-0.4648995101451874,ACATCGGTCAGCCGCG-1,2/VL,3
-1.026536375284195,ACATCGTATGCAATGG-1,11/fxs,2
3.985158999760946,ACATCGTTAACCTAGT-1,1/MB,7
1.361019084850947,ACATCTCAACGCGTAA-1,1/MB,5
-0.4648995101451874,ACATGGCGCCAAAGTA-1,11/fxs,3
2.543715914090474,ACATGGCTCAATTTAG-1,14/HY,6
4.35722311337789,ACATTAGTTTATATCC-1,"4/V,VIa,VIb",8
0.5199864904085796,ACCAAACACCCAGCGA-1,12/cingulum bundle,4
-1.026536375284195,ACCAAACTAGAAATCC-1,1/MB,2
0.0,ACCAACACCACACACT-1,8/CA1,4
-0.4648995101451874,ACCAACGCTTATTTAT-1,5/PIR,3
-0.5616368651390076,ACCAAGAACGCGTGTC-1,0/HYL,3
-0.062059437235196475,ACCAATATGCAAGTTA-1,"9/II,III,IV",3
-0.4648995101451874,ACCACAACTCAGAACA-1,0/HYL,3
0.0,ACCACAAGTTTCTATC-1,7/cpd,4
-0.4648995101451874,ACCACCAATGTAACAA-1,"4/V,VIa,VIb",3
-0.4648995101451874,ACCACCCTCTCTTCTA-1,7/cpd,3
-0.4648995101451874,ACCACGTGCAGCTATA-1,"4/V,VIa,VIb",3
2.062584698200226,ACCAGCCCGGTCTTTG-1,1/MB,6
-0.5616368651390076,ACCAGGAGTGTGATCT-1,1/MB,3
2.941071569919586,ACCAGTGCCCGGTCAA-1,0/HYL,6
-1.026536375284195,ACCAGTGCGGGAGACG-1,"4/V,VIa,VIb",2
-0.5616368651390076,ACCATATCCGCAATAA-1,3/CA3,3
-0.4648995101451874,ACCATCCGCCAACTAG-1,5/PIR,3
0.0,ACCATCGTATATGGTA-1,2/VL,4
-0.4648995101451874,ACCCAACGCCCGTGGC-1,3/CA3,3
-0.5616368651390076,ACCCACCTACATGCTC-1,2/VL,3
0.0,ACCCATCTTGAGGGTA-1,2/VL,4
-0.5616368651390076,ACCCGGAAACTCCCAG-1,10/I,3
0.0,ACCCGGATGACGCATC-1,13/CA1-pyramidal layer of the hippocampus,4
4.332287152608236,ACCCTATAGGACTGAG-1,14/HY,8
-0.4648995101451874,ACCCTCCCTTGCTATT-1,"4/V,VIa,VIb",3
-0.5616368651390076,ACCCTGGTAACGCCCT-1,12/cingulum bundle,3
1.7049400409062705,ACCCTTCATCTGCGAA-1,6/TH,5
-1.026536375284195,ACCCTTGCCTGGGTCG-1,7/cpd,2
-1.026536375284195,ACCCTTTAGTTCTCCA-1,0/HYL,2
-0.5616368651390076,ACCGAAAGGGCCCTGC-1,0/HYL,3
-0.4648995101451874,ACCGACTGAGTCCCAC-1,0/HYL,3
-0.4648995101451874,ACCGATGGTAGCATCG-1,8/CA1,3
2.1092811624209085,ACCGCAATAACTGCCT-1,"4/V,VIa,VIb",6
-1.026536375284195,ACCGCGGTGGAAGTCG-1,"4/V,VIa,VIb",2
1.315605620543162,ACCGGGCCTTTGTTGA-1,"4/V,VIa,VIb",5
1.4292881886164348,ACCGGTCTGAGTACGG-1,0/HYL,5
4.63043196996053,ACCGTTCCCGCTCTGA-1,1/MB,8
-1.026536375284195,ACCTAAGTACCTTTCA-1,5/PIR,2
-0.4648995101451874,ACCTAATCGACTTCCT-1,2/VL,3
1.0685193439324696,ACCTACAGTATGTGGT-1,"4/V,VIa,VIb",5
-0.4648995101451874,ACCTCCGTTATTCACC-1,11/fxs,3
0.0,ACCTGCGTGTCATGTT-1,5/PIR,4
-0.4648995101451874,ACGAAATGGGCGGCAC-1,2/VL,3
-0.5616368651390076,ACGAGAACCCATCACG-1,1/MB,3
-0.4648995101451874,ACGAGATATTTGCTTA-1,0/HYL,3
0.0,ACGAGTACGGATGCCC-1,8/CA1,4
-0.4648995101451874,ACGATACATAGAACTA-1,6/TH,3
-0.4648995101451874,ACGATCATACATAGAG-1,0/HYL,3
0.0,ACGATCATCTTGTAAA-1,13/CA1-pyramidal layer of the hippocampus,4
-0.4648995101451874,ACGATGCATATGTTAT-1,2/VL,3
1.0091565350691478,ACGATGGATCCGATGC-1,6/TH,5
0.0,ACGCAATCACTACAGC-1,8/CA1,4
-0.4648995101451874,ACGCATTCGTGAGTAC-1,3/CA3,3
-0.4648995101451874,ACGCCAGATGATTTCT-1,6/TH,3
2.028338730335236,ACGCCCAGCTGTCGAT-1,1/MB,6
-0.4648995101451874,ACGCCGCTAGACGACC-1,3/CA3,3
-0.4648995101451874,ACGCGAAGTCAGACGA-1,5/PIR,3
-0.4648995101451874,ACGCGCTACACAGGGT-1,2/VL,3
-0.4648995101451874,ACGCGGGCCAAGGACA-1,3/CA3,3
0.0,ACGCTAGTGATACACT-1,15/DG,4
-0.4648995101451874,ACGCTGTGAGGCGTAG-1,5/PIR,3
-0.5616368651390076,ACGCTTAGTGTCTCTC-1,1/MB,3
0.9837434093157452,ACGGAATTTAGCAAAT-1,1/MB,4
-0.5616368651390076,ACGGAGCGCAAATTAC-1,8/CA1,3
0.8780770202477772,ACGGATGGTGCGGATA-1,"9/II,III,IV",4
4.947887639204661,ACGGCACTTGCTTGGG-1,"4/V,VIa,VIb",8
2.8977410395940137,ACGGCCAACATGGACT-1,5/PIR,6
-0.4648995101451874,ACGGCGACGATGGGAA-1,"4/V,VIa,VIb",3
1.6934052109718325,ACGGCGGGTTGCCCTG-1,1/MB,5
1.0426522245009742,ACGGGAGTGTCGGCCC-1,5/PIR,5
-0.5616368651390076,ACGGGCGTATGCGACA-1,13/CA1-pyramidal layer of the hippocampus,3
-0.4648995101451874,ACGTACAGATTTCTCT-1,6/TH,3
-0.4648995101451874,ACGTAGATTGCTGATG-1,3/CA3,3
-0.4648995101451874,ACGTATTACTCCGATC-1,11/fxs,3
0.0,ACGTCTCGTTCCGGGA-1,10/I,4
-0.4648995101451874,ACGTGCGCCTCGTGCA-1,6/TH,3
1.0826062162717185,ACGTGGTCGAATGTGC-1,1/MB,5
-0.4648995101451874,ACGTTAATGTCGAAGA-1,3/CA3,3
0.0,ACGTTAGATTTGCCCG-1,2/VL,4
-0.5616368651390076,ACGTTCCGCGCTCCGT-1,0/HYL,3
-0.4648995101451874,ACGTTCGCAATCAATT-1,11/fxs,3
1.4069070319334671,ACGTTTAGTTGTGATC-1,6/TH,5
1.0361923178037007,ACTAAGGACGCACACC-1,12/cingulum bundle,5
-1.026536375284195,ACTAATACGTCAGGCG-1,0/HYL,2
0.0,ACTACCAGCTCTCTGG-1,7/cpd,4
2.1568271716435747,ACTAGTTGCGATCGTC-1,"9/II,III,IV",6
-0.4648995101451874,ACTATATGCTGTGTTC-1,0/HYL,3
-0.4648995101451874,ACTATCCAGGGCATGG-1,11/fxs,3
-1.026536375284195,ACTATTCGTCCGTGGT-1,6/TH,2
3.0950810710589085,ACTCAACGAATGTATT-1,1/MB,7
-0.4648995101451874,ACTCAATAAAGGCACG-1,7/cpd,3
-0.5616368651390076,ACTCAGACCTGCTTCT-1,0/HYL,3
-0.4648995101451874,ACTCCCATTCCTAAAG-1,5/PIR,3
0.0,ACTCCCGAATTCGTTT-1,8/CA1,4
-0.4648995101451874,ACTCCCGTAGACTAGG-1,7/cpd,3
-0.4648995101451874,ACTCCCTAATGCTAAA-1,10/I,3
-1.026536375284195,ACTCCCTAGAATAGTA-1,"4/V,VIa,VIb",2
-1.026536375284195,ACTCGCGATCTGACGC-1,"9/II,III,IV",2
-1.026536375284195,ACTCGTAACCCGTCCT-1,5/PIR,2
-0.4648995101451874,ACTCGTCAGTAATCCC-1,8/CA1,3
0.0,ACTCTCTGACTTAGGT-1,13/CA1-pyramidal layer of the hippocampus,4
-0.4648995101451874,ACTCTCTTATACACGA-1,0/HYL,3
0.9763142228126528,ACTCTTCAGCTCCCGC-1,"9/II,III,IV",4
-0.4648995101451874,ACTCTTGTATAGTAAC-1,3/CA3,3
-1.026536375284195,ACTGAAACGCCGTTAG-1,10/I,2
-0.4648995101451874,ACTGAATGGCGAAAGT-1,11/fxs,3
-0.5616368651390076,ACTGATTTAGTGATTC-1,1/MB,3
-0.4648995101451874,ACTGCCGTCGTAACTC-1,6/TH,3
-1.026536375284195,ACTGCGGACACACCGT-1,"4/V,VIa,VIb",2
3.460757052898407,ACTGGCGAACCTGCGT-1,12/cingulum bundle,7
-0.4648995101451874,ACTGTACGATACACAT-1,0/HYL,3
0.0,ACTGTAGCACTTTGGA-1,3/CA3,4
-1.026536375284195,ACTGTATACGCGAGCA-1,1/MB,2
0.0,ACTGTCCAGGATTATA-1,3/CA3,4
-0.4648995101451874,ACTGTCTTCTTTAGAA-1,0/HYL,3
-0.5616368651390076,ACTGTGCTAGTAGATC-1,1/MB,3
1.21976900100708,ACTGTTTAGTGTAGGC-1,1/MB,5
0.7010628084341686,ACTTACCGGGCGCGCA-1,0/HYL,4
3.747745394706726,ACTTACGCATCCACGC-1,10/I,7
-0.5616368651390076,ACTTAGTACGACAAGA-1,1/MB,3
-0.4648995101451874,ACTTATACTTACCCGG-1,8/CA1,3
3.758240193128586,ACTTATCTGATCTATA-1,1/MB,7
0.0,ACTTATTAGGATCGGT-1,3/CA3,4
-1.026536375284195,ACTTATTTATGTGCCA-1,"4/V,VIa,VIb",2
0.8117380340894065,ACTTCAGGCTGATCCC-1,"4/V,VIa,VIb",4
-0.4648995101451874,ACTTCGCCATACGCAC-1,6/TH,3
0.0,ACTTCGCTAGCGAGTG-1,"4/V,VIa,VIb",4
-0.4648995101451874,ACTTGACTCCCTCTTT-1,3/CA3,3
-0.5616368651390076,ACTTGCCATATTGTAC-1,1/MB,3
0.0,ACTTGGGACCCGGTGG-1,7/cpd,4
0.0,ACTTGTAGTCCCTTCA-1,10/I,4
-0.4648995101451874,ACTTGTGGATGGAACG-1,10/I,3
0.0,ACTTTACCCTCATGAA-1,8/CA1,4
-0.4648995101451874,ACTTTCCTATAGCTTC-1,0/HYL,3
0.38130133847395575,ACTTTGACTGCATCCT-1,5/PIR,4
2.8010390400886536,AGAACCCAGCGTGACA-1,"9/II,III,IV",6
-0.4648995101451874,AGAACGTGGTACATTC-1,0/HYL,3
0.0,AGAAGAGCGCCGTTCC-1,7/cpd,4
0.3567329247792561,AGAAGTGATTCGTGAT-1,5/PIR,4
-1.026536375284195,AGAATAAATCTTCAGG-1,5/PIR,2
-0.4648995101451874,AGAATGCGGGTTCGGA-1,0/HYL,3
0.0,AGAATTATGGATTCGA-1,8/CA1,4
0.8937414685885111,AGAATTGTTTGACATA-1,10/I,4
4.171162823836009,AGACATAGATCCTTCC-1,1/MB,8
-0.5616368651390076,AGACCATGGGATACAA-1,2/VL,3
1.0487341781457264,AGACCCACCGCTGATC-1,"4/V,VIa,VIb",5
-0.4648995101451874,AGACCCGCCCTCCTCG-1,0/HYL,3
-0.4648995101451874,AGACCGCTCCGCGGTT-1,10/I,3
-0.4648995101451874,AGACCGGGAAACCCTG-1,5/PIR,3
1.1315063933531444,AGACGAAGTGCCGGTC-1,"4/V,VIa,VIb",5
-0.4648995101451874,AGACGACGATGCCGCT-1,10/I,3
-1.026536375284195,AGACGGGATTGGTATA-1,1/MB,2
-1.026536375284195,AGACGGGCCGATTTAA-1,0/HYL,2
0.0,AGACTAGCCTTCCAGA-1,3/CA3,4
-0.4648995101451874,AGAGAACCGTCTAGGA-1,6/TH,3
-0.4648995101451874,AGAGATCTCTAAAGCG-1,2/VL,3
-0.4648995101451874,AGAGCAGTTATGAGAC-1,2/VL,3
-0.4648995101451874,AGAGCGCTTGTAACGG-1,"4/V,VIa,VIb",3
-0.4648995101451874,AGAGCGGGCTAATCAT-1,6/TH,3
-0.4648995101451874,AGAGCGTACAAGCTCG-1,2/VL,3
2.4087556004524235,AGAGCTACGAAAGCAT-1,14/HY,6
-0.006974210341771482,AGAGGCTTCGGAAACC-1,"9/II,III,IV",3
-1.026536375284195,AGAGGGACAATTGTCC-1,12/cingulum bundle,2
-0.5616368651390076,AGAGGTATCTCGGTCC-1,1/MB,3
-1.026536375284195,AGAGTAAACTTCACTA-1,"9/II,III,IV",2
-0.4648995101451874,AGAGTATAGTGTTACG-1,"4/V,VIa,VIb",3
-0.4648995101451874,AGAGTTAGAGACCGAT-1,0/HYL,3
-1.026536375284195,AGAGTTGCAGGCCTCC-1,12/cingulum bundle,2
0.0,AGATAACTTCAGGGCC-1,3/CA3,4
-0.5616368651390076,AGATACCAGCACTTCA-1,7/cpd,3
0.0,AGATACCGGTGTTCAC-1,2/VL,4
3.639819284280141,AGATACGACTTCATAT-1,1/MB,7
-1.026536375284195,AGATACTCAAGATCGA-1,11/fxs,2
-0.4648995101451874,AGATCGTGCATAAGAT-1,8/CA1,3
-0.4648995101451874,AGATCTCAGGTGTGAT-1,0/HYL,3
-1.026536375284195,AGATGACTCGCCCACG-1,0/HYL,2
-0.4648995101451874,AGATGAGGGTTGCGAT-1,0/HYL,3
-0.4648995101451874,AGATGATGGAGTCTGG-1,13/CA1-pyramidal layer of the hippocampus,3
-0.5616368651390076,AGATTATAGGACGTTT-1,3/CA3,3
-0.4648995101451874,AGCAACATATCTTATT-1,13/CA1-pyramidal layer of the hippocampus,3
-0.4648995101451874,AGCACCAGTACTCACG-1,0/HYL,3
-0.10395622750123346,AGCACTACCGGCCTGT-1,2/VL,3
2.717758357524872,AGCACTACCTCACCAG-1,"4/V,VIa,VIb",6
-0.5616368651390076,AGCACTTAAGGACGCC-1,2/VL,3
-1.026536375284195,AGCAGCCAGATGAATA-1,10/I,2
1.3458959360917409,AGCATATCAATATGCT-1,"4/V,VIa,VIb",5
-0.4648995101451874,AGCATCGTCGATAATT-1,0/HYL,3
-0.4648995101451874,AGCCACTCCCGTGCTT-1,6/TH,3
1.288778046766917,AGCCCATACATGTAAG-1,2/VL,5
0.5486132601896923,AGCCCTAAGCGAAGTT-1,6/TH,4
-1.026536375284195,AGCCCTGTCGCACCGT-1,"9/II,III,IV",2
-0.4648995101451874,AGCCCTTCTAATCCGA-1,8/CA1,3
-1.026536375284195,AGCCGTGGCTAAATGT-1,10/I,2
1.037008156379064,AGCGACAGGAACGGTC-1,5/PIR,5
-0.5616368651390076,AGCGACATCCCATTCA-1,7/cpd,3
0.0,AGCGACCAACGATATT-1,0/HYL,4
-1.026536375284195,AGCGCATAATGAATCG-1,10/I,2
-0.4648995101451874,AGCGCGGGTGCCAATG-1,6/TH,3
1.9599446256955464,AGCGCTAGAGCGATGT-1,"9/II,III,IV",5
-0.4648995101451874,AGCGCTTATGGGCAAG-1,0/HYL,3
1.4498903155326843,AGCGGGAAGGGTCCAT-1,1/MB,5
-1.026536375284195,AGCGGTTGCCGCTCTG-1,12/cingulum bundle,2
2.2394513090451555,AGCGTACGAGAGCTAG-1,1/MB,6
-0.5616368651390076,AGCGTAGCGCTAGACC-1,1/MB,3
2.3702942331631984,AGCGTCTGAACCCGCA-1,1/MB,6
-1.026536375284195,AGCGTGGTATTCTACT-1,11/fxs,2
0.285272071758906,AGCGTTCCGATTTAAA-1,1/MB,4
0.0,AGCTAGAAGCAGAAGT-1,8/CA1,4
-0.4648995101451874,AGCTATTTAATCCAAC-1,6/TH,3
0.6029238204161325,AGCTCCTTCGCACATC-1,"4/V,VIa,VIb",4
0.0,AGCTCGTTGATGGAAA-1,7/cpd,4
0.0,AGCTCTAGACGTTCCA-1,8/CA1,4
2.0516347388426457,AGCTCTTCCCAGTGCA-1,0/HYL,6
-0.4648995101451874,AGCTCTTCGTAACCTT-1,11/fxs,3
0.0,AGCTCTTTACTCAGTT-1,2/VL,4
-0.4648995101451874,AGCTGAAGTAAACCAA-1,6/TH,3
4.592413932085037,AGCTTATAGAGACCTG-1,1/MB,8
0.0,AGCTTGATCTTAACTT-1,2/VL,4
1.2122023304303486,AGGAAAGCCTCTGATG-1,14/HY,5
0.0,AGGACAGTCGAATCCC-1,13/CA1-pyramidal layer of the hippocampus,4
4.20331484079361,AGGACATCGCACGTCG-1,1/MB,8
-0.4648995101451874,AGGACGACCCATTAGA-1,2/VL,3
-0.4648995101451874,AGGACGCTCGATGTTG-1,0/HYL,3
-0.4648995101451874,AGGAGACATCCACAGT-1,7/cpd,3
0.2999580919742584,AGGAGAGTCTGGCTAC-1,"4/V,VIa,VIb",4
-1.026536375284195,AGGAGGCCTTCGCGCG-1,"9/II,III,IV",2
2.23209444185098,AGGATAAAGTCGGGAT-1,"4/V,VIa,VIb",6
2.7572948535283404,AGGATATAGGGATTTA-1,"4/V,VIa,VIb",6
-0.4648995101451874,AGGATCACGCGATCTG-1,10/I,3
-0.4648995101451874,AGGATTGCTTACGACA-1,"4/V,VIa,VIb",3
3.8694023092587786,AGGCAAAGAGGAATCA-1,1/MB,7
-0.4648995101451874,AGGCAGATGCGTAAAC-1,6/TH,3
-0.4648995101451874,AGGCATTGTCGTAGGG-1,"4/V,VIa,VIb",3
-0.4648995101451874,AGGCCACCCGTTATGA-1,3/CA3,3
2.4677390853563943,AGGCCCAGTGACTGGT-1,14/HY,6
-0.5616368651390076,AGGCCCATTGTACAGG-1,0/HYL,3
-0.5616368651390076,AGGCCCTAGAACGCCA-1,5/PIR,3
-1.026536375284195,AGGCGTCTATGGACGG-1,12/cingulum bundle,2
-0.5616368651390076,AGGCTATGGTTAGCTT-1,2/VL,3
-1.026536375284195,AGGCTTCCCGAAGAAG-1,5/PIR,2
-0.4648995101451874,AGGCTTGCTAGACACC-1,2/VL,3
-0.4648995101451874,AGGGAAACGAGGTACT-1,0/HYL,3
1.989721198876699,AGGGACAGCACGGCGG-1,1/MB,5
0.0,AGGGACCGGCTGCGTT-1,11/fxs,4
0.9156007965405784,AGGGACTCTACGCGAC-1,5/PIR,4
-0.4648995101451874,AGGGAGACATACTTCG-1,13/CA1-pyramidal layer of the hippocampus,3
1.2277640402317047,AGGGCAGCGGCGTGGT-1,6/TH,5
0.8496762911478678,AGGGCGAGCAGCTGAT-1,5/PIR,4
0.6217646400133771,AGGGCGTGATCGGCTA-1,0/HYL,4
-0.4648995101451874,AGGGCTGCAGTTACAG-1,3/CA3,3
-0.4648995101451874,AGGGTCAGTAACCCTA-1,12/cingulum bundle,3
0.0,AGGGTCGATGCGAACT-1,8/CA1,4
-0.4648995101451874,AGGGTGCTCTCGAGGG-1,8/CA1,3
-0.4648995101451874,AGGGTTCCCTTTGGTT-1,3/CA3,3
-0.4648995101451874,AGGGTTTAGTTCGGGA-1,3/CA3,3
-0.5616368651390076,AGGTAACCTCCTATTC-1,0/HYL,3
0.6320727566878002,AGGTACGATATTGCCA-1,0/HYL,4
-0.4648995101451874,AGGTAGGTACAAAGCT-1,2/VL,3
-0.4648995101451874,AGGTATAATTGATAGT-1,13/CA1-pyramidal layer of the hippocampus,3
0.6470095912615459,AGGTATGCGGACATTA-1,"9/II,III,IV",4
-0.4648995101451874,AGGTCAGGTGAGAGTG-1,5/PIR,3
2.7014187773068747,AGGTCGCCACTTCGGT-1,1/MB,6
0.0,AGGTCGCGGAGTTACT-1,8/CA1,4
1.094285070896149,AGGTGTATCGCCATGA-1,2/VL,5
1.7087947328885398,AGGTTACACCATGCCG-1,"4/V,VIa,VIb",5
-0.4648995101451874,AGGTTGAGGCACGCTT-1,7/cpd,3
-0.4648995101451874,AGGTTTCACACACCTT-1,3/CA3,3
-0.4648995101451874,AGTAACGTTCATCCTG-1,0/HYL,3
-0.4648995101451874,AGTAATGTCTTGCCGC-1,6/TH,3
0.0,AGTACATCATTTATCA-1,8/CA1,4
-0.4648995101451874,AGTACCTTCGAGTGCT-1,0/HYL,3
-1.026536375284195,AGTACGGCCCGTATCG-1,5/PIR,2
-0.4648995101451874,AGTACGGGCACCTGGC-1,6/TH,3
-1.026536375284195,AGTACGTGGCCTGTCT-1,0/HYL,2
0.9981059730052948,AGTACTCTTATGCCCA-1,"9/II,III,IV",4
-1.026536375284195,AGTAGCGTGAACGAAC-1,1/MB,2
-1.026536375284195,AGTAGCTAGACGCCGA-1,1/MB,2
-0.4648995101451874,AGTAGGAAGGAAGTTG-1,0/HYL,3
-0.5616368651390076,AGTAGGTAACATACAT-1,0/HYL,3
-0.5616368651390076,AGTATAATACTAGGCA-1,11/fxs,3
-1.026536375284195,AGTATCCATAATAACG-1,1/MB,2
-0.4648995101451874,AGTCAACACCACCATC-1,2/VL,3
-0.4648995101451874,AGTCAAGATGACACTT-1,"4/V,VIa,VIb",3
0.3754982848962147,AGTCACTAGCTCTCGA-1,"9/II,III,IV",4
3.7346724470456434,AGTCACTCCGCCTCAT-1,1/MB,7
-0.5616368651390076,AGTCAGCCACCGCCTG-1,1/MB,3
1.99798184633255,AGTCCAGCGGGTACGT-1,14/HY,5
-0.4648995101451874,AGTCCATTGGCTGATG-1,11/fxs,3
-0.4648995101451874,AGTCCCGCCTTTAATT-1,0/HYL,3
-0.4648995101451874,AGTCCCTCGCAGAAAG-1,"4/V,VIa,VIb",3
0.0,AGTCGACGGTCTCAAG-1,8/CA1,4
0.0,AGTCGGCCCAAACGAC-1,7/cpd,4
-1.026536375284195,AGTCGGCTCAACTTTA-1,5/PIR,2
1.1077015697956083,AGTCGGTTGCGTGAGA-1,"4/V,VIa,VIb",5
-1.026536375284195,AGTCGTCGACCACCAA-1,10/I,2
-0.5616368651390076,AGTCGTGGGCATTACG-1,10/I,3
0.0,AGTCTAAAGTATACTC-1,13/CA1-pyramidal layer of the hippocampus,4
-0.5616368651390076,AGTCTGGACATCCTTG-1,10/I,3
-0.4648995101451874,AGTCTTCTCCTCAAAT-1,0/HYL,3
-0.4648995101451874,AGTGAACAAACTTCTC-1,"4/V,VIa,VIb",3
-0.4648995101451874,AGTGAAGATGGTGTCC-1,7/cpd,3
-0.4648995101451874,AGTGAGACTTCCAGTA-1,8/CA1,3
0.0,AGTGAGCCTCGCCGCC-1,8/CA1,4
-1.026536375284195,AGTGAGGGTTTCTGAC-1,0/HYL,2
-0.4648995101451874,AGTGATATGAGTAGTT-1,5/PIR,3
0.0,AGTGATTCAAGCAGGA-1,8/CA1,4
0.6494836409886677,AGTGCACGCTTAAGAA-1,"9/II,III,IV",4
1.0426696141560872,AGTGCGTAGCTCGTAA-1,5/PIR,5
-0.4648995101451874,AGTGCTTGCACGAATA-1,13/CA1-pyramidal layer of the hippocampus,3
-1.026536375284195,AGTGGCGGCAATTTGA-1,8/CA1,2
-0.4648995101451874,AGTGGCTCCGTCGGCC-1,5/PIR,3
-0.4648995101451874,AGTGTATTGCGCATTG-1,0/HYL,3
0.33132417201995845,AGTGTGGTCTATTGTG-1,2/VL,4
-0.4648995101451874,AGTTAAGCGGTCCCGG-1,0/HYL,3
-1.026536375284195,AGTTAAGTCAACCGCT-1,10/I,2
-0.4648995101451874,AGTTACTCTATCGTGG-1,0/HYL,3
2.170171320438385,AGTTATTGAAAGGTAA-1,1/MB,6
0.0,AGTTCCTACAGAATTA-1,3/CA3,4
-0.4648995101451874,AGTTCCTATTTATGTT-1,3/CA3,3
1.9419129490852358,AGTTCTGCGTTGTATC-1,14/HY,5
1.400896966457367,AGTTGACATCGGCTGG-1,1/MB,5
-0.4648995101451874,AGTTTATGTAAAGACA-1,7/cpd,3
1.5385436117649078,AGTTTCGCAGGTCGGA-1,6/TH,5
-1.026536375284195,AGTTTGCACCTGCCTC-1,10/I,2
1.5871473550796509,AGTTTGGCACGGGTTG-1,"4/V,VIa,VIb",5
1.302380303541819,AGTTTGGCCAGACCTA-1,5/PIR,5
-0.5616368651390076,ATAAACCATTGGACGG-1,1/MB,3
-0.4648995101451874,ATAAACGGACCCGTAA-1,"4/V,VIa,VIb",3
-0.4648995101451874,ATAAAGGCTCGGTCGT-1,3/CA3,3
0.8316327532132466,ATAAAGGTCAAGTACG-1,1/MB,4
-0.4648995101451874,ATAAATATTAGCAGCT-1,2/VL,3
0.0,ATAACGCCGGAGGGTC-1,3/CA3,4
-0.4648995101451874,ATAACGGAGTCCAACG-1,6/TH,3
0.559484710295995,ATAACGTTACCTCCAC-1,12/cingulum bundle,4
-1.026536375284195,ATAAGCAAACACCGAG-1,12/cingulum bundle,2
0.6649119357268016,ATAAGGTGGAGAACAT-1,"4/V,VIa,VIb",4
1.2800471186637878,ATAAGTACCCGATTGT-1,12/cingulum bundle,5
0.0,ATAAGTAGGATTCAGA-1,8/CA1,4
-0.4648995101451874,ATAAGTAGGGCGACTC-1,11/fxs,3
-1.026536375284195,ATAAGTTACCGCGACG-1,2/VL,2
-1.026536375284195,ATAATAGCTGTTGAAT-1,11/fxs,2
0.0,ATAATAGTGTAGGGAC-1,7/cpd,4
0.5751111408074696,ATACAGGCCCTCCAAT-1,"9/II,III,IV",4
-0.4648995101451874,ATACCACGGGCAACTT-1,2/VL,3
0.5785611073176067,ATACCAGCAAATTGCT-1,1/MB,4
-0.5616368651390076,ATACCAGGCTAATAGA-1,0/HYL,3
-0.5616368651390076,ATACCAGGTGAGCGAT-1,1/MB,3
-0.09534153838952386,ATACCCTGGCTCAAAT-1,14/HY,3
-0.4648995101451874,ATACCGTCATCCATAA-1,7/cpd,3
-0.5616368651390076,ATACGAAGGCTTTCCA-1,"9/II,III,IV",3
1.6302688717842102,ATACGCCGATCTACCG-1,1/MB,5
0.0,ATACGCCGGCGAAACC-1,8/CA1,4
-0.4648995101451874,ATACGGGTTTCGATTG-1,6/TH,3
-1.026536375284195,ATACGGTGAAGATGCA-1,10/I,2
-1.026536375284195,ATACGTACTTAGCCAC-1,"9/II,III,IV",2
3.4394423564275103,ATACGTCCACTCCTGT-1,"4/V,VIa,VIb",7
-0.4648995101451874,ATACTAGCATGACCCT-1,0/HYL,3
3.0324551065762835,ATACTCTCGCCACTCT-1,1/MB,7
-1.026536375284195,ATACTGCCTTACACCG-1,10/I,2
-0.4648995101451874,ATAGACAACGGGACCT-1,3/CA3,3
0.0,ATAGACGAAGAGAAAG-1,3/CA3,4
0.0,ATAGAGTACTGGGACA-1,7/cpd,4
-0.4648995101451874,ATAGAGTTATCAACTT-1,15/DG,3
3.428243935108185,ATAGATTTGCAGTCGG-1,1/MB,7
1.6077166696389518,ATAGGAATCTAAGCTT-1,1/MB,5
-1.026536375284195,ATAGGCGGCTATAGAA-1,2/VL,2
-1.026536375284195,ATAGGCTAGCTTCGCA-1,15/DG,2
-0.4648995101451874,ATAGGGATATCCTTGA-1,6/TH,3
-0.4648995101451874,ATAGGTTGGGCAGATG-1,0/HYL,3
1.479978938897451,ATAGTCTTTGACGTGC-1,6/TH,5
-0.4648995101451874,ATAGTGAAGCGTTCTC-1,3/CA3,3
-0.4648995101451874,ATAGTTCCACCCACTC-1,13/CA1-pyramidal layer of the hippocampus,3
-0.4648995101451874,ATATAAAGCGCTCGTG-1,10/I,3
0.4962375064690907,ATATAAATGTAGCTGC-1,"9/II,III,IV",4
-0.4648995101451874,ATATCAACCTACAGAG-1,13/CA1-pyramidal layer of the hippocampus,3
-0.4648995101451874,ATATCGGTAGGGAGAT-1,11/fxs,3
-1.026536375284195,ATATCGTGCCAGACCC-1,1/MB,2
2.960720012585321,ATATCTCCCTCGTTAA-1,6/TH,6
-1.026536375284195,ATATCTTAGGGCCTTC-1,3/CA3,2
0.0,ATATGTCTCCCTAGCC-1,8/CA1,4
-1.026536375284195,ATATGTGCACAAACCA-1,12/cingulum bundle,2
-1.026536375284195,ATATTCAGTTAAACCT-1,5/PIR,2
-1.026536375284195,ATATTCCACATAGTGA-1,"4/V,VIa,VIb",2
1.8410990039507549,ATATTCCCACAGGTCA-1,7/cpd,5
0.0,ATATTGCTGTCAAAGT-1,7/cpd,4
0.0,ATATTTAACCCTCAAG-1,3/CA3,4
0.6121030350526173,ATCAAACACTGTTCCA-1,"9/II,III,IV",4
-1.026536375284195,ATCAAACGAAGGTTTG-1,5/PIR,2
-0.4648995101451874,ATCAATCTGGGCTGCA-1,3/CA3,3
-0.4648995101451874,ATCACATTAGAATATC-1,6/TH,3
-0.4648995101451874,ATCACGTGCTAATTAA-1,5/PIR,3
-0.4648995101451874,ATCACTTCATCCTCGC-1,6/TH,3
1.0767432053883872,ATCAGACGGCACGCCG-1,5/PIR,5
0.6561139921347301,ATCAGCCTCATGCTGC-1,"9/II,III,IV",4
2.157962143421173,ATCAGGTAGCTGACAG-1,"9/II,III,IV",6
-0.4648995101451874,ATCAGGTCGCCATTGC-1,0/HYL,3
3.4086224536101017,ATCAGTAGGCAGGGAT-1,6/TH,7
-0.4648995101451874,ATCATCCAATATTTGT-1,3/CA3,3
0.9804942806561788,ATCATCTGCCCAGTGT-1,1/MB,4
0.6303142507870991,ATCCAATGGAGGGTCC-1,5/PIR,4
1.4106998840967813,ATCCACGCTAAATGTT-1,1/MB,5
-1.026536375284195,ATCCACTTTCAGACTA-1,12/cingulum bundle,2
0.4952056805292766,ATCCAGAGCAACAACC-1,5/PIR,4
-0.4648995101451874,ATCCAGGATTCGTGAA-1,2/VL,3
0.0,ATCCTACCTAAGCTCT-1,2/VL,4
-0.4648995101451874,ATCCTGAATCGCTGCG-1,2/VL,3
-0.4648995101451874,ATCCTGCGTGGAATGG-1,5/PIR,3
-0.5616368651390076,ATCCTGCTGCAGATAG-1,1/MB,3
-0.4648995101451874,ATCGACCCAATACAGA-1,3/CA3,3
-0.4648995101451874,ATCGACTCTTTCCGTT-1,0/HYL,3
2.5992228786150613,ATCGCACGATTGTTCA-1,14/HY,6
-0.4648995101451874,ATCGCACGCCGGGAGA-1,0/HYL,3
3.1918983062108364,ATCGCCAGTCAACATT-1,"4/V,VIa,VIb",7
0.0,ATCGCTGCGTGCAGCA-1,8/CA1,4
2.693494180838268,ATCGCTTTACGTCTCA-1,"9/II,III,IV",6
0.4477845678726832,ATCGGAGACAGACGGC-1,"4/V,VIa,VIb",4
-0.4648995101451874,ATCGGCAAGCAGTCCA-1,0/HYL,3
-0.4648995101451874,ATCGGTTACCTAGTAA-1,10/I,3
1.5894055664539335,ATCGTCCAATCGAGTC-1,14/HY,5
-0.4648995101451874,ATCGTTCACTTTCGCC-1,0/HYL,3
2.226961587866147,ATCTAATATCCTACGG-1,"9/II,III,IV",6
-0.4648995101451874,ATCTCCCTGCAATCTA-1,6/TH,3
-1.026536375284195,ATCTCGTGAGCGAAAC-1,"9/II,III,IV",2
-0.4648995101451874,ATCTGCACCTCTGCGA-1,8/CA1,3
-0.4648995101451874,ATCTGGTTAAGACTGT-1,6/TH,3
-0.5616368651390076,ATCTGTAATTGTACCC-1,0/HYL,3
0.0,ATCTTGACCTGCAACG-1,7/cpd,4
0.0,ATCTTGACTTGTCCAA-1,8/CA1,4
-0.4648995101451874,ATCTTTCGTATAACCA-1,7/cpd,3
0.0,ATGAAGCCAAGGAGCC-1,7/cpd,4
-0.5616368651390076,ATGACGCCGGCTCTAA-1,7/cpd,3
-0.5616368651390076,ATGACGCGTTCTATCC-1,10/I,3
-1.026536375284195,ATGACTATGCGACATT-1,"4/V,VIa,VIb",2
0.0,ATGAGGAGTGTTAATC-1,11/fxs,4
-1.026536375284195,ATGAGGGCAGCGGCTA-1,"9/II,III,IV",2
-0.5616368651390076,ATGATCGGGAATAGAC-1,0/HYL,3
0.0,ATGATGCAATGGTACA-1,2/VL,4
-0.4648995101451874,ATGCACTACCGCATTG-1,3/CA3,3
-0.4648995101451874,ATGCATGATCCAGGAT-1,0/HYL,3
-0.5616368651390076,ATGCATTCCGTGATGG-1,1/MB,3
0.0,ATGCCAATCGCTCTGC-1,0/HYL,4
-0.4648995101451874,ATGCCATTTGCGACCA-1,11/fxs,3
-0.4648995101451874,ATGCCGGTCTTGCATA-1,0/HYL,3
-0.4648995101451874,ATGCCGGTTGATGGGA-1,6/TH,3
0.0,ATGCGACAATTGGTCC-1,12/cingulum bundle,4
-0.4648995101451874,ATGCGACAGTCCCATT-1,3/CA3,3
1.0989036460717518,ATGCGAGTCCCACCAC-1,"9/II,III,IV",5
0.7104791204134624,ATGCTCAGTGTTGCAT-1,2/VL,4
-1.026536375284195,ATGGAACCTTTGCACA-1,"4/V,VIa,VIb",2
0.0,ATGGAGCAGGCCGTGA-1,3/CA3,4
-0.4648995101451874,ATGGATCCGGCGTCCG-1,6/TH,3
-0.4648995101451874,ATGGATTGACCAAACG-1,0/HYL,3
0.0,ATGGCAGCCGAGAAAC-1,10/I,4
1.805458009243012,ATGGCGGAATAGTCGC-1,"4/V,VIa,VIb",5
-0.4648995101451874,ATGGCTGGAAATGGCC-1,0/HYL,3
-0.4648995101451874,ATGGGAACGGAAGCGG-1,0/HYL,3
-0.4648995101451874,ATGGGCCTCGGCCTCT-1,11/fxs,3
-0.5616368651390076,ATGGTCGCGTGGTTTC-1,11/fxs,3
-0.5616368651390076,ATGGTGCTCAAAGCCA-1,1/MB,3
-0.5616368651390076,ATGGTTACGAAACATG-1,12/cingulum bundle,3
-0.4648995101451874,ATGTAAGGCTGCTCTT-1,13/CA1-pyramidal layer of the hippocampus,3
-0.4648995101451874,ATGTGAAAGCCTAATG-1,5/PIR,3
-1.026536375284195,ATGTGCATCCGACGCA-1,0/HYL,2
-0.4648995101451874,ATGTGGACATCTTGAT-1,11/fxs,3
0.9548494617144268,ATGTGTAGTTTAGTCA-1,1/MB,4
-0.5616368651390076,ATGTTACGAGCAATAC-1,1/MB,3
0.18976055085659027,ATGTTCGTCGACCCAC-1,2/VL,4
0.562830775976181,ATGTTTCGGCCCGGAG-1,"4/V,VIa,VIb",4
-1.026536375284195,ATGTTTGTAAGATCAT-1,0/HYL,2
-0.4648995101451874,ATTAAACATGCGGACC-1,3/CA3,3
-0.4648995101451874,ATTAATACTACGCGGG-1,6/TH,3
-0.4648995101451874,ATTAATGAACCAGTCG-1,6/TH,3
-1.026536375284195,ATTAATTCGGTCACTC-1,6/TH,2
-0.4648995101451874,ATTACAACTACCGGCC-1,0/HYL,3
-0.4648995101451874,ATTACATGTCAGTCTT-1,"9/II,III,IV",3
1.76026451587677,ATTACCACACTGCCTG-1,10/I,5
-0.4648995101451874,ATTACGACTCCACAGT-1,7/cpd,3
-1.026536375284195,ATTACGCGCTGGCAGG-1,2/VL,2
-0.5616368651390076,ATTACTAGCCTCTTGC-1,0/HYL,3
-1.026536375284195,ATTACTTACTGGGCAT-1,15/DG,2
-0.4648995101451874,ATTAGATTCCTCAGCA-1,8/CA1,3
-0.4648995101451874,ATTAGATTGATAGCGG-1,0/HYL,3
-0.4648995101451874,ATTAGGCGATGCTTTC-1,3/CA3,3
-0.4648995101451874,ATTATACTTTGCTCGT-1,6/TH,3
-0.4648995101451874,ATTATAGCTACTTTAC-1,11/fxs,3
-0.4648995101451874,ATTATCTCGACAGATC-1,7/cpd,3
0.0,ATTATGCCATAGGGAG-1,0/HYL,4
-0.5616368651390076,ATTATGCTCAGTATTG-1,12/cingulum bundle,3
0.8537762463092804,ATTCACTGATGTTGGA-1,"9/II,III,IV",4
-0.4648995101451874,ATTCAGGACCTATTTC-1,8/CA1,3
-0.4648995101451874,ATTCAGGATCGCCTCT-1,7/cpd,3
-0.5616368651390076,ATTCAGTAGCAGGGTC-1,2/VL,3
0.4646544257799784,ATTCCCACATAAACAA-1,2/VL,4
0.0,ATTCCTAAGACGTGGA-1,3/CA3,4
0.0,ATTCCTCCGCCAGTGC-1,7/cpd,4
2.20875229438146,ATTCCTTCCAGGCGGT-1,1/MB,6
-0.4648995101451874,ATTCGACGCCGGGCCT-1,2/VL,3
0.7273326337337493,ATTCGCAGAGGACACT-1,7/cpd,4
-1.026536375284195,ATTCGTGCTATCTCTT-1,"4/V,VIa,VIb",2
1.5516875783602395,ATTCTCGTCTCTTTAG-1,0/HYL,5
0.6113853553930919,ATTCTGAGTATGAACT-1,0/HYL,4
-0.4648995101451874,ATTCTTCGTACTTATG-1,0/HYL,3
0.0,ATTGAAGATCTTAGTG-1,3/CA3,4
-0.5616368651390076,ATTGACCGGCGATGAC-1,12/cingulum bundle,3
1.6793257792790732,ATTGACGTAACTCGGT-1,1/MB,5
0.7615129351615906,ATTGATAGCAACGAGA-1,1/MB,4
0.0,ATTGATGAGTCCTAAC-1,8/CA1,4
-0.4648995101451874,ATTGCGATCAGTAACT-1,"9/II,III,IV",3
-0.4648995101451874,ATTGCTGCTCCTCCAT-1,3/CA3,3
-0.4648995101451874,ATTGGATTACAGCGTA-1,"9/II,III,IV",3
-0.5616368651390076,ATTGGGAATATCTTGG-1,0/HYL,3
4.0166608691215515,ATTGGGAGTTCTGTAA-1,12/cingulum bundle,8
0.0,ATTGTACAACTCGGCT-1,13/CA1-pyramidal layer of the hippocampus,4
-0.4648995101451874,ATTGTCGCAATACCTT-1,0/HYL,3
-0.4648995101451874,ATTGTGACTTCGCTGC-1,0/HYL,3
-0.4648995101451874,ATTTAACTCGTATTAC-1,0/HYL,3
-0.4648995101451874,ATTTACAGTTTACTGG-1,3/CA3,3
-0.4648995101451874,ATTTACTAAGTCCATT-1,13/CA1-pyramidal layer of the hippocampus,3
-1.026536375284195,ATTTCATTATTTCGCG-1,0/HYL,2
2.0617921352386475,ATTTGCCTAGTTACGA-1,1/MB,6
0.0,ATTTGCGCGAGTAGCT-1,10/I,4
-0.5616368651390076,ATTTGTCTTGGGAGCT-1,8/CA1,3
-0.4648995101451874,ATTTGTTCCAGGGCTC-1,6/TH,3
-0.4648995101451874,CAAACGAGTATCGCAG-1,5/PIR,3
-0.4648995101451874,CAAACGGTCGCACTTT-1,3/CA3,3
-1.026536375284195,CAAACGTGGTCTTGCG-1,1/MB,2
-0.4648995101451874,CAAACTACGATAGAGA-1,0/HYL,3
-0.4648995101451874,CAAACTATTGAGCTTC-1,6/TH,3
-0.5616368651390076,CAAACTCGCGACGCCG-1,"4/V,VIa,VIb",3
-0.4648995101451874,CAAAGGTTAAATTCAG-1,8/CA1,3
-1.026536375284195,CAAAGTCAGGTTAGCT-1,10/I,2
-1.026536375284195,CAAATCTCTCACAAGG-1,5/PIR,2
0.0,CAAATTGGATTATGCC-1,13/CA1-pyramidal layer of the hippocampus,4
-0.4648995101451874,CAAATTGTCAGCAAGC-1,6/TH,3
-0.4648995101451874,CAACACATCTCCTGCC-1,"4/V,VIa,VIb",3
-1.026536375284195,CAACAGAATAACGCTA-1,1/MB,2
0.6707032173871994,CAACATGGCCTGATAA-1,14/HY,4
-0.4648995101451874,CAACCTGAACCTGCCA-1,7/cpd,3
0.0,CAACGACCCGTTTACA-1,0/HYL,4
-0.5616368651390076,CAACGGTTCTTGATAC-1,7/cpd,3
-0.4648995101451874,CAACTATATCGAATGC-1,0/HYL,3
-0.5616368651390076,CAACTCCAACGTTTAG-1,1/MB,3
-0.5616368651390076,CAACTCCGTAACTTGC-1,7/cpd,3
-1.026536375284195,CAACTCCTTGATCCCG-1,0/HYL,2
1.1587027510007222,CAACTGAGGGTATGAC-1,12/cingulum bundle,5
-0.5616368651390076,CAACTTGTAGTGGGCA-1,0/HYL,3
0.9747700591882068,CAAGAAACCCTAAACT-1,12/cingulum bundle,4
-1.026536375284195,CAAGACTCAGAAGCGC-1,"4/V,VIa,VIb",2
-1.026536375284195,CAAGAGGGCGGAGTAC-1,11/fxs,2
-0.5616368651390076,CAAGATATTATAACGT-1,11/fxs,3
-1.026536375284195,CAAGCAACGTCGGAGT-1,2/VL,2
-0.4648995101451874,CAAGCACCAAATGCCT-1,6/TH,3
0.8570655882358551,CAAGCGGCACATAATT-1,"9/II,III,IV",4
-0.4648995101451874,CAAGGATCGCATGTTC-1,3/CA3,3
-1.026536375284195,CAAGGGAGTGTATTTG-1,14/HY,2
-0.4648995101451874,CAAGGTCCTATAGGCT-1,13/CA1-pyramidal layer of the hippocampus,3
1.2061946193377178,CAAGTGAACTTTGGTT-1,1/MB,5
-0.4648995101451874,CAAGTGTGGTTGCAAA-1,13/CA1-pyramidal layer of the hippocampus,3
-0.4648995101451874,CAATAAACCTTGGCCC-1,6/TH,3
-1.026536375284195,CAATACGAGAGTCTGA-1,"9/II,III,IV",2
-1.026536375284195,CAATACGCTCTGAGGC-1,10/I,2
1.2403883576393129,CAATATGTAGATTTAC-1,1/MB,5
-1.026536375284195,CAATATTCTTGACCTA-1,10/I,2
4.3295280039310455,CAATATTGGACTAGTG-1,14/HY,8
-0.4648995101451874,CAATCCCTATACCAGC-1,0/HYL,3
1.7356765468915305,CAATCCTGCCGTGGAG-1,1/MB,5
-0.4648995101451874,CAATGAGGTTCGACTA-1,7/cpd,3
1.8691087464491525,CAATGCGAGAAGTATC-1,"9/II,III,IV",5
-0.4648995101451874,CAATGGAATCTACATA-1,0/HYL,3
-0.4648995101451874,CAATGGATCTCTACCA-1,6/TH,3
1.940566996733348,CAATGGTCGGCCTGGG-1,1/MB,5
0.2997375229994456,CAATGTGCCAACCCTT-1,"4/V,VIa,VIb",4
-0.4648995101451874,CAATTAAGGGTGATGA-1,0/HYL,3
-0.5616368651390076,CAATTTCGTATAAGGG-1,3/CA3,3
-1.026536375284195,CAATTTGACCGGGAAG-1,14/HY,2
-0.4648995101451874,CACAAGAAAGATATTA-1,12/cingulum bundle,3
-0.4648995101451874,CACACACGCTAACGAG-1,10/I,3
1.946738431851069,CACACAGCTTGCGCTC-1,"9/II,III,IV",5
-0.4648995101451874,CACACAGGGATAGATT-1,2/VL,3
-0.4648995101451874,CACACGCGCTGTCTTA-1,8/CA1,3
-0.4648995101451874,CACACGTTTCAATGGG-1,0/HYL,3
0.8190429707368214,CACACTTGTATTGCGA-1,12/cingulum bundle,4
-0.4648995101451874,CACAGCACCCACGGCA-1,3/CA3,3
-0.4648995101451874,CACAGCTAGGGAGTGA-1,0/HYL,3
3.0058922568957014,CACATAAGGCGACCGT-1,1/MB,7
-0.4648995101451874,CACATATTAGCAGGAT-1,11/fxs,3
0.24149138728777564,CACATCTCACCGACGA-1,10/I,4
-0.4648995101451874,CACATGATTCAGCAAC-1,3/CA3,3
5.9001317868630085,CACATGTTTGGACATG-1,14/HY,9
1.864299645026525,CACATTCTTTCGATGG-1,0/HYL,5
1.4758953253428142,CACATTTCTTGTCAGA-1,"4/V,VIa,VIb",5
-0.5616368651390076,CACCACGCCACACAGA-1,10/I,3
-1.026536375284195,CACCATCGGAGGAGAC-1,1/MB,2
2.4247441093126936,CACCATGATCGCAAAG-1,12/cingulum bundle,6
-0.4648995101451874,CACCCAAATCTTATGT-1,13/CA1-pyramidal layer of the hippocampus,3
-1.026536375284195,CACCCACACGTCACCC-1,1/MB,2
-0.4648995101451874,CACCCACGAGGCAATT-1,6/TH,3
2.368361314137777,CACCCGGTTTGTGACT-1,5/PIR,6
0.008407076199849428,CACCCTAACAAGATCT-1,"9/II,III,IV",4
-0.5616368651390076,CACCCTTTCCTCGCTC-1,0/HYL,3
-0.4648995101451874,CACCGATACACCGAGC-1,0/HYL,3
-0.4648995101451874,CACCGCCAGAAGGTTT-1,0/HYL,3
-0.4648995101451874,CACCGCCGACCAGCGA-1,6/TH,3
-0.4648995101451874,CACCGCGTCCACTCTA-1,8/CA1,3
-0.4648995101451874,CACCGGAGATATCTCC-1,0/HYL,3
3.631591399510701,CACCGTATCCCATCCG-1,"9/II,III,IV",7
-1.026536375284195,CACCGTTAGGGATCAC-1,10/I,2
-1.026536375284195,CACCGTTGCGCGATAT-1,5/PIR,2
-1.026536375284195,CACCTAATAGAGTCGT-1,0/HYL,2
-0.4648995101451874,CACCTAATCAGTTTAC-1,6/TH,3
-0.4648995101451874,CACCTCGATGGTGGAC-1,6/TH,3
5.814122001330057,CACCTTGCGAAACTCG-1,6/TH,9
-0.4648995101451874,CACCTTGGCGCCTTTG-1,"4/V,VIa,VIb",3
-0.4648995101451874,CACGAAAGTTAGTCCC-1,2/VL,3
2.6689101060231524,CACGACGTAATAGTAA-1,1/MB,6
3.0387871066729217,CACGACTAAAGTTCTG-1,1/MB,7
-0.4648995101451874,CACGCACAGCGCAGCT-1,7/cpd,3
-0.4648995101451874,CACGCAGCGAGGCTTT-1,3/CA3,3
-0.4648995101451874,CACGCGGAACTGTTGC-1,11/fxs,3
-0.4648995101451874,CACGGACGTGGATGGC-1,7/cpd,3
0.0,CACGGCGCGCCAAAGG-1,0/HYL,4
-0.5616368651390076,CACGGGATTGAGGGTT-1,10/I,3
-1.026536375284195,CACGTCGGCAACCTCT-1,5/PIR,2
-0.4648995101451874,CACGTCTATGATGTGG-1,0/HYL,3
-0.4648995101451874,CACGTTCGTGCTCTAG-1,8/CA1,3
-1.026536375284195,CACGTTTCGTACACAC-1,"9/II,III,IV",2
-0.4648995101451874,CACTAAAGTTGCCTAT-1,3/CA3,3
1.3748040795326233,CACTACTCAGTTCTGT-1,1/MB,5
-0.4648995101451874,CACTCAAGAGCTATGG-1,3/CA3,3
2.2872583468755088,CACTCAGCTCTTGAGG-1,6/TH,6
-0.4648995101451874,CACTCCTCTCGGTCGG-1,0/HYL,3
-0.4648995101451874,CACTCGAGCTGAACAA-1,"4/V,VIa,VIb",3
1.596236820022265,CACTCGGTTAGGAGGA-1,2/VL,5
-0.5616368651390076,CACTGTCCAAGTGAGA-1,1/MB,3
-0.031276394923528066,CACTTAATCAGACGGA-1,3/CA3,3
1.861947337786357,CACTTCGCCACAGGCT-1,7/cpd,5
4.131051739056906,CAGAACTTAGCCCTCT-1,"9/II,III,IV",8
0.14037211736043287,CAGACACCGATCGCTG-1,5/PIR,4
0.0,CAGACCTGTAAGTGTT-1,8/CA1,4
-0.5616368651390076,CAGACGAACCTGATAC-1,5/PIR,3
2.3460073272387185,CAGAGACGGTCACCCA-1,"4/V,VIa,VIb",6
-0.4648995101451874,CAGAGCATGAGCTTGC-1,7/cpd,3
0.0,CAGAGGCGATGCATGA-1,5/PIR,4
-0.4648995101451874,CAGAGTGATTTAACGT-1,6/TH,3
0.0,CAGATACTAACATAGT-1,7/cpd,4
0.0,CAGATCATTTAAAGTC-1,8/CA1,4
-0.4648995101451874,CAGCAGCCCGTTCCTT-1,6/TH,3
-0.4648995101451874,CAGCAGTCCAGACTAT-1,"9/II,III,IV",3
2.29498831431071,CAGCCCTCACAGGCAG-1,1/MB,6
-0.4648995101451874,CAGCCGGGCCCTCTAT-1,0/HYL,3
-0.4648995101451874,CAGCCTCCTGCAGAGG-1,6/TH,3
-0.4648995101451874,CAGCCTCTCCTCAAGA-1,0/HYL,3
-1.026536375284195,CAGCGATTCCCTTCAA-1,5/PIR,2
-0.4648995101451874,CAGCTCACTGAGACAT-1,3/CA3,3
-0.4648995101451874,CAGCTCGACAAGTTAA-1,3/CA3,3
1.102907399336497,CAGCTCGTGCTTGTGT-1,1/MB,5
0.9443909525871276,CAGCTGGCGTAACCGT-1,5/PIR,4
-0.4648995101451874,CAGCTTAGTAGGTAGC-1,2/VL,3
-0.4648995101451874,CAGGAAGACTTTATAT-1,0/HYL,3
2.755398641029993,CAGGACAGCTGCCCTT-1,"9/II,III,IV",6
-0.4648995101451874,CAGGATATATCGTTGT-1,3/CA3,3
-0.5616368651390076,CAGGATCCGCCCGACC-1,1/MB,3
-0.4648995101451874,CAGGCGCCATGCTAGG-1,"4/V,VIa,VIb",3
0.690106213092804,CAGGGCTAACGAAACC-1,14/HY,4
1.4387643933296204,CAGGTTTAGTACTACA-1,"4/V,VIa,VIb",5
-0.4648995101451874,CAGTAACTATTTATTG-1,15/DG,3
-1.026536375284195,CAGTAATCCCTCCCAG-1,2/VL,2
-0.4648995101451874,CAGTACATTCTCTAAA-1,15/DG,3
-1.026536375284195,CAGTACCAGTTTACGT-1,10/I,2
-0.4648995101451874,CAGTAGCCCACGCGGT-1,6/TH,3
1.3695468703905742,CAGTAGCGAGGTAGTA-1,1/MB,5
-1.026536375284195,CAGTCCAACGCCTTCT-1,12/cingulum bundle,2
0.0,CAGTCGAGGATGCAAT-1,15/DG,4
2.3687067627906804,CAGTCTCTCGGCTAAT-1,1/MB,6
-0.4648995101451874,CAGTCTGTATACTGGG-1,3/CA3,3
2.937848279873529,CAGTGAATAAATGACT-1,6/TH,6
-1.026536375284195,CAGTGGTTGCACATGA-1,10/I,2
3.52093134323756,CAGTGTCCGCAGAATG-1,1/MB,7
-1.026536375284195,CAGTGTCGGCTGGCCC-1,"9/II,III,IV",2
0.0,CAGTTCAAATTGACAC-1,7/cpd,4
-0.5616368651390076,CAGTTCCGCGGGTCGA-1,2/VL,3
0.0,CATAACGGACAGTCGT-1,8/CA1,4
1.9472140073776243,CATAAGAAGCTTGGCT-1,10/I,5
-0.4648995101451874,CATAAGCTCTCCGTCT-1,5/PIR,3
2.9571561614672337,CATAATGAGCGGGCGA-1,1/MB,6
3.2421860496203103,CATACAAAGCCGAACC-1,1/MB,7
-0.4648995101451874,CATACCCGTACCCAGT-1,2/VL,3
-1.026536375284195,CATACGGCGTCTGGGC-1,3/CA3,2
1.4248210787773132,CATACGGGTGCATGAT-1,14/HY,5
-1.026536375284195,CATACTATGTAATTGT-1,3/CA3,2
-0.4648995101451874,CATACTTAGGCAATAC-1,"4/V,VIa,VIb",3
0.32399394611517585,CATAGCCGCCCGGGAT-1,2/VL,4
-1.026536375284195,CATAGCGTTGCCCACC-1,10/I,2
1.3657611111799877,CATAGTACATTGAGAG-1,0/HYL,5
2.1853065292040506,CATAGTAGCATAGTAG-1,1/MB,6
-0.054977451761563656,CATAGTCCACAAGAAC-1,5/PIR,3
-0.4648995101451874,CATATACTACTGATAA-1,8/CA1,3
0.0,CATATAGGTACAGTCA-1,3/CA3,4
-1.026536375284195,CATATGTCAGGCTACG-1,5/PIR,2
-1.026536375284195,CATATTATTTGCCCTA-1,0/HYL,2
0.0,CATCAAACTGGCGCCC-1,7/cpd,4
-1.026536375284195,CATCATCTACCCGGAC-1,6/TH,2
0.5020636320114136,CATCATTACCCTGAGG-1,"9/II,III,IV",4
-1.026536375284195,CATCCTCTCAAAGATC-1,"9/II,III,IV",2
1.2892874975999198,CATCGAATGGATCTCT-1,14/HY,5
0.9471498529116312,CATCGCCCGCGGCCAA-1,0/HYL,4
-0.4648995101451874,CATCGGACGGGTTAAT-1,3/CA3,3
0.6666350185871124,CATCTACCCGAGAACG-1,0/HYL,4
-1.026536375284195,CATCTAGTGAAGGGAA-1,"9/II,III,IV",2
-0.4648995101451874,CATCTATCCCGTGTCT-1,8/CA1,3
0.0,CATCTTACACCACCTC-1,13/CA1-pyramidal layer of the hippocampus,4
-0.5616368651390076,CATGAACCGACATTTG-1,0/HYL,3
4.996697902679443,CATGAACCTCTTATCA-1,1/MB,8
-0.4648995101451874,CATGACTTCGCTGAAT-1,11/fxs,3
-0.4648995101451874,CATGATGCACAATTCT-1,6/TH,3
-1.026536375284195,CATGATGGAAGTTAGC-1,"4/V,VIa,VIb",2
-0.4648995101451874,CATGCACGTGTTACTG-1,0/HYL,3
2.7031369010607404,CATGCATGGAGACCCT-1,1/MB,6
-1.026536375284195,CATGCCAACTCGCAAA-1,5/PIR,2
-0.4648995101451874,CATGCGACCAGTTTAA-1,15/DG,3
-0.4648995101451874,CATGCGTTAGACAGAA-1,6/TH,3
-1.026536375284195,CATGCTGGCTCCAATT-1,7/cpd,2
2.0852998296419782,CATGGAAATGGGACCA-1,1/MB,6
-1.026536375284195,CATGGATTGTCTTCCG-1,10/I,2
-0.5616368651390076,CATGGCAGGAAGATCG-1,0/HYL,3
2.7746487657229117,CATGGGTATGCCTTAT-1,"9/II,III,IV",6
-0.4648995101451874,CATGGGTCGGGTGTGG-1,6/TH,3
1.354204575220744,CATGGTAAGTAGCGTT-1,11/fxs,5
-0.4648995101451874,CATGGTCTAGATACCG-1,0/HYL,3
0.5317158500353495,CATGTAAGAGACATTT-1,"9/II,III,IV",4
-0.4648995101451874,CATGTAGGAGCGCCAA-1,12/cingulum bundle,3
-1.026536375284195,CATGTCTCATTTATGG-1,"4/V,VIa,VIb",2
-0.4648995101451874,CATTACATAGATTGTG-1,13/CA1-pyramidal layer of the hippocampus,3
-0.4648995101451874,CATTACGTCGGCCCGT-1,6/TH,3
2.4544430375099178,CATTATAACAGGGTCC-1,1/MB,6
-0.4648995101451874,CATTATGCTTGTTGTG-1,7/cpd,3
-1.026536375284195,CATTCACTGACAGCTA-1,6/TH,2
2.1634426712989807,CATTCAGGTCAGTGCG-1,14/HY,6
-0.4648995101451874,CATTCCCATTCCGTCG-1,"4/V,VIa,VIb",3
0.3155104468266169,CATTCCCTAAGTACAA-1,14/HY,4
-0.4648995101451874,CATTGATGAACACGCC-1,13/CA1-pyramidal layer of the hippocampus,3
1.0295488238334656,CATTGCAAAGCATAAT-1,1/MB,5
0.05796893686056138,CATTGCGAAATGGGCG-1,5/PIR,4
-0.5616368651390076,CATTGCGGGTCAATTC-1,13/CA1-pyramidal layer of the hippocampus,3
1.8320209980010984,CATTGTGTGCTAGATC-1,10/I,5
4.071151445309321,CATTTAGCGGACCATG-1,6/TH,8
-1.026536375284195,CATTTATCGTTCAAGA-1,1/MB,2
-0.5616368651390076,CATTTCTAGCAGACTA-1,7/cpd,3
-0.5616368651390076,CATTTGAGTGGTACGT-1,5/PIR,3
0.0,CCAAACAGAACCCTCG-1,0/HYL,4
3.14299867550532,CCAAAGTCCCGCTAAC-1,1/MB,7
-0.4648995101451874,CCAAATAACAAGATTC-1,10/I,3
-1.026536375284195,CCAACGATGCACTGAT-1,2/VL,2
3.8678464889526367,CCAACGCTTGCCAGGG-1,0/HYL,7
0.5012747844060261,CCAAGAAAGTGGGCGA-1,5/PIR,4
-0.4648995101451874,CCAAGACTTCTGCGAA-1,0/HYL,3
-0.4648995101451874,CCAAGCGTAACTCGTA-1,3/CA3,3
0.7872189283370972,CCAAGCTTGATCTCCT-1,14/HY,4
-0.4648995101451874,CCAAGGAACAGAGAGG-1,0/HYL,3
-0.4648995101451874,CCAATAGTGCCGTCGA-1,3/CA3,3
-0.4648995101451874,CCAATCGGTAGATCGA-1,0/HYL,3
-1.026536375284195,CCAATGTCACAGCAAG-1,3/CA3,2
1.3236603240172071,CCAATTACGGGTCGAG-1,6/TH,5
-1.026536375284195,CCAATTGAATGTTAAT-1,1/MB,2
-0.4648995101451874,CCACAATGTACGTCTT-1,0/HYL,3
-1.026536375284195,CCACACTGAGATATTA-1,3/CA3,2
3.2986208399136863,CCACAGCTGAAATCAT-1,1/MB,7
0.9489818712075552,CCACAGTACCCATCCT-1,"4/V,VIa,VIb",4
-1.026536375284195,CCACCAACTTTACTGT-1,5/PIR,2
-0.4648995101451874,CCACCCAAGGAAAGTG-1,3/CA3,3
1.1909659604231515,CCACGAATTTAACCTC-1,"4/V,VIa,VIb",5
-0.4648995101451874,CCACGAGAAGAGAATC-1,6/TH,3
0.26364195346832275,CCACGGAGCCATAAGA-1,5/PIR,4
0.0,CCACGGTGCCCGGTAG-1,13/CA1-pyramidal layer of the hippocampus,4
-1.026536375284195,CCACGTAAATTAGACT-1,"4/V,VIa,VIb",2
1.7020387053489685,CCACTAAACTGAATCG-1,14/HY,5
-0.4648995101451874,CCACTATCCGGGTCAC-1,11/fxs,3
-0.4648995101451874,CCACTGGTGGCTGGTT-1,2/VL,3
1.8916357358296711,CCAGAAAGCAACTCAT-1,5/PIR,5
-1.026536375284195,CCAGAGACAAAGCCGG-1,2/VL,2
-0.4648995101451874,CCAGATAGTTGAGTGA-1,6/TH,3
-0.4648995101451874,CCAGATGTAAATGGGT-1,7/cpd,3
-0.4648995101451874,CCAGCCTGGACCAATA-1,3/CA3,3
-0.4648995101451874,CCAGCGGGATCACCAG-1,"4/V,VIa,VIb",3
-1.026536375284195,CCAGCTACGCCTCATA-1,1/MB,2
0.0,CCAGCTGATGGTACTT-1,2/VL,4
-0.4648995101451874,CCAGCTTCCGCCCGCA-1,2/VL,3
-0.4648995101451874,CCAGGGACGTGGCCTC-1,7/cpd,3
-0.4648995101451874,CCAGTAGTCTGATCCA-1,15/DG,3
-0.4648995101451874,CCAGTCAAATCTCTTA-1,10/I,3
1.1459843913714092,CCAGTCCATTATTCGA-1,1/MB,5
2.328309883673986,CCAGTCTAGACGGCGC-1,6/TH,6
-1.026536375284195,CCAGTGAGCTCCTTGT-1,14/HY,2
2.646477361520131,CCATAAACAACCCGAC-1,0/HYL,6
0.0,CCATACCTTTACTTGT-1,8/CA1,4
-0.4648995101451874,CCATAGGTTGGCGTGG-1,7/cpd,3
-1.026536375284195,CCATAGTCAGTAACCC-1,10/I,2
0.11119375129540754,CCATATGGAAACTATA-1,"9/II,III,IV",4
3.2539674242337537,CCATCCATACCAAGTC-1,1/MB,7
-1.026536375284195,CCATCGCAGTTAAACT-1,"4/V,VIa,VIb",2
0.0,CCATCTCACCAGTGAA-1,13/CA1-pyramidal layer of the hippocampus,4
-0.5616368651390076,CCATCTTGTTCACAAT-1,0/HYL,3
-1.026536375284195,CCATGCCCTAGATTTC-1,10/I,2
-0.4648995101451874,CCATGCCTGTTTAGTA-1,3/CA3,3
0.0,CCATGCTCTGCAGGAA-1,7/cpd,4
0.0,CCATGGCCCTTGTACC-1,2/VL,4
-0.4648995101451874,CCATTAGCGATAATCC-1,3/CA3,3
0.0,CCATTCCCTGCCCACA-1,2/VL,4
1.0880079964796705,CCATTGTTTCCTCCAT-1,"4/V,VIa,VIb",5
2.7974428931872053,CCATTTCTACCTATTA-1,"9/II,III,IV",6
0.0,CCCAAACATGCTGCTC-1,8/CA1,4
0.0,CCCAACATACGTCGCG-1,2/VL,4
-1.026536375284195,CCCAACCACACTAACA-1,6/TH,2
0.0,CCCAAGAATGCACGGT-1,0/HYL,4
2.5808894435564675,CCCAAGACAGAGTATG-1,1/MB,6
-1.026536375284195,CCCAATTTCACAACTT-1,2/VL,2
-0.4648995101451874,CCCAGAGGAGGGCGTA-1,15/DG,3
0.0,CCCAGTTAAGGCGCCG-1,13/CA1-pyramidal layer of the hippocampus,4
0.0,CCCGAAGTTTCGCGAA-1,10/I,4
-0.4648995101451874,CCCGACCATAGTCCGC-1,6/TH,3
-1.026536375284195,CCCGAGTTTCTCCGTA-1,"9/II,III,IV",2
0.5564086834589639,CCCGATAGCCTCGCCT-1,"9/II,III,IV",4
0.7381039559841156,CCCGCAGCGCGAACTA-1,"4/V,VIa,VIb",4
-0.4648995101451874,CCCGCAGGGCCCAAAG-1,0/HYL,3
-0.5616368651390076,CCCGCCATGCTCCCGT-1,1/MB,3
-0.5616368651390076,CCCGCGCAATGCACCC-1,2/VL,3
1.358241637547811,CCCGCTTGCCCTCGTC-1,1/MB,5
-1.026536375284195,CCCGGTGGAAGAACCT-1,2/VL,2
0.0,CCCGTAAGTCTAGGCC-1,2/VL,4
-0.4648995101451874,CCCGTCAGCGTCTGAC-1,0/HYL,3
2.6592970490455627,CCCGTGGGTTAATTGA-1,14/HY,6
-1.026536375284195,CCCGTTTCGCAGATGT-1,"9/II,III,IV",2
5.9015004734198255,CCCTAGTGTCAGGTGT-1,14/HY,9
0.9043155809243522,CCCTCATTCTGGAATT-1,0/HYL,4
-1.026536375284195,CCCTCCTCGCTCGTAT-1,"9/II,III,IV",2
-1.026536375284195,CCCTCGGGAGCCTTGT-1,1/MB,2
-0.4648995101451874,CCCTGAAATGAGTTGA-1,3/CA3,3
-1.026536375284195,CCCTGACTAACAAATT-1,5/PIR,2
1.0201862454414368,CCCTGATGTAACTCGT-1,10/I,5
-0.4648995101451874,CCCTGCCCAATCCGCT-1,2/VL,3
-0.4648995101451874,CCCTGCGCTACGCATA-1,2/VL,3
-1.026536375284195,CCCTGGTATGGGCGGC-1,1/MB,2
-0.5616368651390076,CCCTTCTCGTACGCGA-1,1/MB,3
-1.026536375284195,CCCTTTGACAGGTCTT-1,5/PIR,2
-0.5616368651390076,CCGAAAGTGGTGAGCA-1,0/HYL,3
-1.026536375284195,CCGAACACTGGGCCTC-1,5/PIR,2
-0.4648995101451874,CCGAACCTTCCCGGCC-1,"4/V,VIa,VIb",3
1.6425619920094807,CCGAAGGGCGTACCGC-1,"4/V,VIa,VIb",5
-1.026536375284195,CCGAAGTATATTGTTC-1,2/VL,2
-0.4648995101451874,CCGACAAAGGGAGTGC-1,2/VL,3
0.0,CCGACGTAAACACAAC-1,0/HYL,4
-1.026536375284195,CCGACTCGCATAGTCT-1,1/MB,2
1.2961666385332744,CCGAGAAGTCGCATAA-1,"9/II,III,IV",5
-0.5616368651390076,CCGAGCTGTGCTTGTC-1,12/cingulum bundle,3
0.7439261178175609,CCGAGGGATGTTAGGC-1,7/cpd,4
0.0,CCGATCTCAACCTTAT-1,13/CA1-pyramidal layer of the hippocampus,4
1.4934702515602112,CCGATCTTAAGAGGCT-1,12/cingulum bundle,5
-0.4648995101451874,CCGATTCGAGGGACCC-1,2/VL,3
1.1920406222343445,CCGATTGGTCAATGAA-1,1/MB,5
-0.4648995101451874,CCGCACAAAGACCAAC-1,3/CA3,3
0.4511848986148834,CCGCACACGAACGTGT-1,"9/II,III,IV",4
-0.4648995101451874,CCGCACGTGACCTCGG-1,2/VL,3
2.5240328907966614,CCGCATGTGGTACGAT-1,10/I,6
3.1469241976737976,CCGCCACCACAATCCA-1,1/MB,7
0.0,CCGCCGGTCAACACAC-1,0/HYL,4
1.068726976712545,CCGCCGTTGAGGATAA-1,"9/II,III,IV",5
-0.4648995101451874,CCGCCTGCGAATTGGT-1,0/HYL,3
1.2412000099817913,CCGCGATTTGGTAGGT-1,10/I,5
-1.026536375284195,CCGCGGAATGCGTCAC-1,5/PIR,2
0.0,CCGCGGGTACGAAGAA-1,2/VL,4
-0.4648995101451874,CCGCGTAGGTAAGGGC-1,2/VL,3
0.0,CCGCTATCAGCACCAG-1,11/fxs,4
0.6879300773143768,CCGCTGGTGCCATTCA-1,1/MB,4
-0.5616368651390076,CCGCTTACCTCACTCT-1,5/PIR,3
0.4993757406870525,CCGCTTCGCGGTTAAC-1,1/MB,4
0.0,CCGCTTGCTGACATGG-1,13/CA1-pyramidal layer of the hippocampus,4
1.3415329058965046,CCGGAATGGTTTCAGT-1,2/VL,5
-1.026536375284195,CCGGAGGTCTTATGGT-1,7/cpd,2
-0.4648995101451874,CCGGCACGACCGTTTC-1,11/fxs,3
0.0,CCGGCGCATATTGGAT-1,0/HYL,4
-1.026536375284195,CCGGGACCCGCAGAGA-1,0/HYL,2
-0.4648995101451874,CCGGGCGGTCTCGTCA-1,3/CA3,3
-0.4648995101451874,CCGGGCTGCTCCATAC-1,8/CA1,3
-1.026536375284195,CCGGGTTCGAGGTTAC-1,2/VL,2
1.0924196143945055,CCGGTAATGGCTAGTC-1,"4/V,VIa,VIb",5
-0.4648995101451874,CCGTAAGTTGGTCCCA-1,3/CA3,3
-0.5616368651390076,CCGTACCCAAGCGCCA-1,1/MB,3
1.0408469239870708,CCGTATTAGCGCAGTT-1,12/cingulum bundle,5
1.7707270781199138,CCGTGAGGCATTCATG-1,"4/V,VIa,VIb",5
1.6889670093854263,CCGTGCCCATGACGGC-1,0/HYL,5
0.0,CCGTGGAACGATCCAA-1,8/CA1,4
-0.4648995101451874,CCGTGTTAAATTCCAT-1,5/PIR,3
2.6319341162840524,CCGTTACGTTAGAACA-1,6/TH,6
-0.4648995101451874,CCGTTCCGAATCTCGG-1,2/VL,3
-0.4648995101451874,CCTAAAGGCTGACGCT-1,0/HYL,3
-0.4648995101451874,CCTAAATTAACGGTTC-1,3/CA3,3
0.4778127372264862,CCTAACCCAAACAAGT-1,"4/V,VIa,VIb",4
-0.4648995101451874,CCTAACTAAGGCTCTA-1,6/TH,3
1.7969395915667217,CCTAAGTGTCTAACCG-1,14/HY,5
-1.026536375284195,CCTACAAGTCCGGAAT-1,0/HYL,2
-1.026536375284195,CCTACATTCACAGACG-1,5/PIR,2
-1.026536375284195,CCTACGCGACCTTACA-1,1/MB,2
-0.5616368651390076,CCTACGGCTCAGTCGA-1,0/HYL,3
-0.4648995101451874,CCTACTGCGGCGGCCA-1,"4/V,VIa,VIb",3
-0.4648995101451874,CCTACTGCTTACACTT-1,7/cpd,3
-0.4648995101451874,CCTAGGCGTAGCGATC-1,8/CA1,3
1.1505535741647084,CCTAGTTAGTCGCATG-1,6/TH,5
0.6799695392449698,CCTATAATGAGTGCCC-1,"9/II,III,IV",4
1.4582641839981083,CCTATACCGTCCTGTC-1,10/I,5
-0.4648995101451874,CCTATCTATATCGGAA-1,6/TH,3
-0.4648995101451874,CCTATGAAGTGGTGCC-1,11/fxs,3
-0.4648995101451874,CCTATGGGTTACCGTC-1,0/HYL,3
-1.026536375284195,CCTCACCAATCTTGAC-1,7/cpd,2
-0.4648995101451874,CCTCACCTGAGGGAGC-1,8/CA1,3
-0.4648995101451874,CCTCACCTTAGCATCG-1,15/DG,3
2.8822610179583235,CCTCATGCAGCTACGA-1,1/MB,6
-0.4648995101451874,CCTCCCGACAATCCCT-1,6/TH,3
-0.4648995101451874,CCTCCGACAATTCAAG-1,2/VL,3
-1.026536375284195,CCTCCTGAGCCCACAT-1,10/I,2
-0.4648995101451874,CCTCGAAGTGGACGGG-1,6/TH,3
3.3087470730145774,CCTCGACCCACTGCCT-1,1/MB,7
-0.4648995101451874,CCTCGCCAGCAAATTA-1,6/TH,3
-0.4648995101451874,CCTCGCGCGATATAGG-1,0/HYL,3
-0.5616368651390076,CCTCGCGCTGTGCGAT-1,10/I,3
-0.4648995101451874,CCTCGGACCGGGATAG-1,13/CA1-pyramidal layer of the hippocampus,3
-1.026536375284195,CCTCGGATGCTACCTG-1,10/I,2
-0.5616368651390076,CCTCGTTACGCCTGTT-1,0/HYL,3
-0.4648995101451874,CCTCTAATCTGCCAAG-1,7/cpd,3
0.0,CCTCTCTCCCATCTAG-1,2/VL,4
2.1889197329680123,CCTCTGGCCTAGACGG-1,6/TH,6
1.0137045184771218,CCTCTGTACTATTCTA-1,"4/V,VIa,VIb",5
0.0,CCTGAACGATATATTC-1,8/CA1,4
-0.4648995101451874,CCTGAATATTTACATA-1,7/cpd,3
0.0,CCTGACCACCGATGGT-1,3/CA3,4
-1.026536375284195,CCTGACGCAACCTTTA-1,1/MB,2
0.0,CCTGCCCGTTGTCTAG-1,10/I,4
4.222436646620434,CCTGCGATAGAACTGT-1,14/HY,8
0.16530921061833692,CCTGCGTTCTACGCTT-1,2/VL,4
-0.4648995101451874,CCTGCTATTTGAGAAG-1,7/cpd,3
1.21585081020991,CCTGGAAACGTTCTGC-1,"4/V,VIa,VIb",5
-0.4648995101451874,CCTGGCTAGACCCGCC-1,3/CA3,3
-0.4648995101451874,CCTGTACTCACGCCCA-1,2/VL,3
-0.4648995101451874,CCTGTCACCCGGGCTC-1,0/HYL,3
-0.4648995101451874,CCTGTCCCTCACGTTA-1,"4/V,VIa,VIb",3
0.5006021658579508,CCTGTCGCCCGTAAAT-1,3/CA3,4
2.0834324310223264,CCTGTGCATAGGAGAC-1,14/HY,6
-1.026536375284195,CCTGTGCGGATTGTAA-1,1/MB,2
-0.4648995101451874,CCTTCTCAGCGTTCCT-1,5/PIR,3
-0.4648995101451874,CCTTCTTGATCCAGTG-1,6/TH,3
-1.026536375284195,CCTTTCAATGAAGAAA-1,15/DG,2
-0.4648995101451874,CGAAACATAGATGGCA-1,0/HYL,3
-0.4648995101451874,CGAAACGCAATTCATG-1,2/VL,3
-1.026536375284195,CGAACAGTATGGGCGT-1,"4/V,VIa,VIb",2
-1.026536375284195,CGAACATAGTCAGAAA-1,12/cingulum bundle,2
-0.5616368651390076,CGAACCCGCATGCGTC-1,5/PIR,3
-0.4648995101451874,CGAACGCCCAGTGCCG-1,6/TH,3
0.2344986140727997,CGAACGGCCGGACAAC-1,10/I,4
-0.4648995101451874,CGAAGCTATAAATTCA-1,8/CA1,3
-0.5616368651390076,CGAAGTTGCTCTGTGT-1,2/VL,3
3.41049280166626,CGAATTACATGGTGTT-1,1/MB,7
-0.4648995101451874,CGACAATTTGATCTAA-1,11/fxs,3
2.330327967802684,CGACACCGCTTAAGGA-1,12/cingulum bundle,6
3.4940805037816367,CGACACGCTCCGACAG-1,"4/V,VIa,VIb",7
2.7131719191869097,CGACACGGATGCCCAC-1,12/cingulum bundle,6
-0.4648995101451874,CGACAGTTCGCGTTAT-1,2/VL,3
-0.4648995101451874,CGACATGCGATCTTCT-1,6/TH,3
-0.4648995101451874,CGACTCAGGATGTTAT-1,6/TH,3
5.326575160026549,CGACTCGGTACACGGT-1,12/cingulum bundle,9
-0.4648995101451874,CGACTTTGTATAGCCT-1,13/CA1-pyramidal layer of the hippocampus,3
-0.4648995101451874,CGAGACCCTAGAGTGT-1,3/CA3,3
-0.4648995101451874,CGAGAGATGTGAACCT-1,0/HYL,3
3.2379972736040754,CGAGATGTTGCCTATA-1,1/MB,7
0.8968944450219472,CGAGATTTCGCTCGGG-1,"4/V,VIa,VIb",4
-0.5616368651390076,CGAGCACTTCAAGTTT-1,2/VL,3
1.3170714179674785,CGAGCGTTGATCAGCC-1,0/HYL,5
-0.4648995101451874,CGAGCTGGGCTTTAGG-1,6/TH,3
0.0,CGAGGAGCTTCCATAT-1,13/CA1-pyramidal layer of the hippocampus,4
-0.4648995101451874,CGAGGATCGGGAACGA-1,7/cpd,3
2.573678743839264,CGAGGCCAGGCATTGG-1,1/MB,6
-0.4648995101451874,CGAGGCTAAATATGGC-1,0/HYL,3
-0.4648995101451874,CGAGGGACTGCGGTCG-1,8/CA1,3
0.0,CGAGTACTAAAGAGGA-1,5/PIR,4
-0.5616368651390076,CGAGTGCTATAGTTCG-1,0/HYL,3
-0.4648995101451874,CGAGTTCTGTCCCACC-1,6/TH,3
0.0,CGAGTTTATCGGACTG-1,8/CA1,4
-1.026536375284195,CGATAACCAATTTGAG-1,12/cingulum bundle,2
4.027488728364308,CGATAATACTCAGGTT-1,"9/II,III,IV",8
-0.4648995101451874,CGATACCTCGCGGACA-1,2/VL,3
-1.026536375284195,CGATATTAGCCGCAGG-1,7/cpd,2
-1.026536375284195,CGATCATTAGAGGCAC-1,12/cingulum bundle,2
-0.5616368651390076,CGATCCGACCCAGTGC-1,3/CA3,3
-1.026536375284195,CGATCTGTTGGAGGAC-1,5/PIR,2
-0.4648995101451874,CGATGGACCCTACGCC-1,3/CA3,3
-1.026536375284195,CGATTAAATATCTCCT-1,10/I,2
-1.026536375284195,CGATTCGCCTGGCTGC-1,10/I,2
-0.4648995101451874,CGCAAACACGAGTTAC-1,3/CA3,3
1.0061622063318891,CGCAATTACTTTCGGT-1,3/CA3,5
-0.4648995101451874,CGCAATTAGGGTAATA-1,3/CA3,3
0.0,CGCAATTCTACAATAA-1,2/VL,4
0.0,CGCACATGTCCACTAC-1,8/CA1,4
0.0,CGCACGTGCGCTATCA-1,13/CA1-pyramidal layer of the hippocampus,4
-1.026536375284195,CGCAGAAACATTTGCG-1,0/HYL,2
0.0,CGCAGATCTTCACCCG-1,8/CA1,4
2.1022267937660217,CGCAGGCGATCCAAAC-1,"9/II,III,IV",6
-0.4648995101451874,CGCATCATGGCTTCAG-1,0/HYL,3
-0.4648995101451874,CGCATCCATCAGCCAG-1,13/CA1-pyramidal layer of the hippocampus,3
-0.4648995101451874,CGCATGGTGCGATGCT-1,3/CA3,3
-0.4648995101451874,CGCATTAGCTAATAGG-1,0/HYL,3
-0.4648995101451874,CGCCAAGAAGCCGAGT-1,5/PIR,3
2.9087176124254865,CGCCACCCGCATTAAC-1,14/HY,6
-0.4648995101451874,CGCCATCCGATTATGA-1,6/TH,3
-0.4648995101451874,CGCCCGCTTCCGTACA-1,6/TH,3
-1.026536375284195,CGCCCTTGAAGGCTGA-1,2/VL,2
-0.5616368651390076,CGCCGCCCATGCCTGT-1,8/CA1,3
3.637228488922119,CGCCGGTGTCGCAGTA-1,12/cingulum bundle,7
-0.5616368651390076,CGCCGTCTACCCATCG-1,"9/II,III,IV",3
-0.4648995101451874,CGCCTCCCTCCTCTAT-1,3/CA3,3
-0.5616368651390076,CGCCTGGCCTACGTAA-1,2/VL,3
-1.026536375284195,CGCCTTTAGCATGCTC-1,"9/II,III,IV",2
-0.4648995101451874,CGCGAGAGGGACTTGT-1,12/cingulum bundle,3
0.8177478512128193,CGCGCAAGGAACTACA-1,1/MB,4
-1.026536375284195,CGCGCATGTTTGATTG-1,5/PIR,2
-0.4648995101451874,CGCGCCCGACTTAATA-1,6/TH,3
1.3423236906528473,CGCGGCAGTATTACGG-1,14/HY,5
-0.4648995101451874,CGCGGCTCAACTTGAA-1,11/fxs,3
-0.4648995101451874,CGCGGGAATTAGGCAG-1,6/TH,3
-0.4648995101451874,CGCGGTAAGTCTAGCT-1,11/fxs,3
-0.4648995101451874,CGCGGTCACAAACCAA-1,8/CA1,3
-1.026536375284195,CGCGTACATTCTGGAA-1,12/cingulum bundle,2
1.172388215859731,CGCGTCATATTAAACC-1,1/MB,5
1.162900483608246,CGCGTGCTATCAACGA-1,1/MB,5
0.0,CGCGTTCATGAAATAC-1,7/cpd,4
-1.026536375284195,CGCTACCGCCCTATGA-1,1/MB,2
1.8407477935155232,CGCTACGGGACATTTA-1,3/CA3,5
-0.4648995101451874,CGCTAGAGACCGCTGC-1,11/fxs,3
2.2812077005704245,CGCTATACCGCCCACT-1,1/MB,6
-1.026536375284195,CGCTATCGTGGCTTTA-1,12/cingulum bundle,2
0.0,CGCTATTCAATGTATG-1,7/cpd,4
0.0,CGCTATTCTTAGGCTC-1,3/CA3,4
-0.4648995101451874,CGCTCGACATAATGAT-1,7/cpd,3
-0.5616368651390076,CGCTCTCCGTAGATTA-1,2/VL,3
2.1647040645281472,CGCTGAGGACGTCCAA-1,1/MB,6
-1.026536375284195,CGCTGGTGACTACCCT-1,"4/V,VIa,VIb",2
0.0,CGCTGTGACGCCGCAC-1,7/cpd,4
0.0,CGCTTATTCCCGGTCG-1,2/VL,4
-0.5616368651390076,CGCTTCCACTGAAATC-1,1/MB,3
-0.4648995101451874,CGCTTTCATACCGGTG-1,0/HYL,3
-0.4648995101451874,CGCTTTCTTGCATTCG-1,3/CA3,3
2.554506282011668,CGGAAATTTCACATCC-1,1/MB,6
-0.4648995101451874,CGGAACGTAAACATAG-1,5/PIR,3
-1.026536375284195,CGGAGCAATTTAATCG-1,"9/II,III,IV",2
-0.4648995101451874,CGGAGCATGGCGATCC-1,3/CA3,3
-0.4648995101451874,CGGAGCTTATAACACC-1,0/HYL,3
0.0,CGGAGTTTGAGAGACA-1,2/VL,4
0.9712215860684712,CGGCAAACATCGTGCG-1,"4/V,VIa,VIb",4
-0.4648995101451874,CGGCACCGTTAGCGCC-1,0/HYL,3
1.4991978208223975,CGGCACTCAAGAAAGT-1,1/MB,5
-0.4648995101451874,CGGCAGGGTCGGGTTG-1,15/DG,3
0.0,CGGCCACGCACAAAGT-1,3/CA3,4
0.0,CGGCCCAACCTGTAGT-1,13/CA1-pyramidal layer of the hippocampus,4
-0.4648995101451874,CGGCCCAGGTATATCC-1,"4/V,VIa,VIb",3
-1.026536375284195,CGGCTCTAAAGCTGCA-1,"9/II,III,IV",2
-0.4648995101451874,CGGCTCTTCGTCGAAC-1,0/HYL,3
3.62007200717926,CGGCTGCAAGATTAAG-1,1/MB,7
3.8697187701861067,CGGCTTTGTATGATAA-1,7/cpd,7
0.7080630858739216,CGGGAATATAGTATAC-1,"4/V,VIa,VIb",4
0.0,CGGGAATTTATGTAAA-1,11/fxs,4
-1.026536375284195,CGGGAGCTTCAGTGTA-1,"4/V,VIa,VIb",2
0.0,CGGGATCAATGTAAGA-1,0/HYL,4
0.0,CGGGCAGCTAAACCGC-1,3/CA3,4
0.7012516458829243,CGGGCCATAGCCGCAC-1,10/I,4
-0.4648995101451874,CGGGCCTTCTTTGTAA-1,3/CA3,3
0.0,CGGGCTACTTAAATTG-1,12/cingulum bundle,4
-0.4648995101451874,CGGGTGTACCCATTTA-1,3/CA3,3
4.175349672635397,CGGGTTCGGCACGTAT-1,0/HYL,8
0.6966761549313862,CGGGTTGTAGCTTTGG-1,14/HY,4
0.0,CGGTACTAGAATCAAA-1,3/CA3,4
-0.4648995101451874,CGGTAGAGGTGCAGGT-1,6/TH,3
1.4552764793237052,CGGTATAGGTATTAGC-1,0/HYL,5
-0.4648995101451874,CGGTCAAGTGGGAACC-1,6/TH,3
0.23996503154436746,CGGTCCATGAGACTCC-1,12/cingulum bundle,4
-0.4648995101451874,CGGTCTATCAACCCGT-1,6/TH,3
-0.4648995101451874,CGGTGAAGACTAAAGT-1,2/VL,3
-0.4648995101451874,CGGTGCAGATAGAACG-1,2/VL,3
-1.026536375284195,CGGTGCGCGTTGGTCC-1,5/PIR,2
-0.4648995101451874,CGGTGGGCTCCAGCCT-1,0/HYL,3
0.0,CGGTGTACTTGATCCC-1,7/cpd,4
0.0,CGGTTATCCAACAGTG-1,8/CA1,4
-1.026536375284195,CGGTTCAAGTAGGTGT-1,15/DG,2
2.7402678926785797,CGGTTCCGGCTTCTTG-1,1/MB,6
-0.4648995101451874,CGGTTGACCTGGCATA-1,2/VL,3
3.1251611510912576,CGGTTGGGTTCAAGTT-1,0/HYL,7
-1.026536375284195,CGGTTTATGAAGGAAC-1,0/HYL,2
2.5736464361349745,CGTAAACGCTTGAGTG-1,1/MB,6
1.7123345136642456,CGTACCGAAAGTCTAG-1,10/I,5
-0.4648995101451874,CGTACCTGATAGGCCT-1,6/TH,3
0.8291950921217601,CGTAGCGAATTGTCAG-1,6/TH,4
-0.5616368651390076,CGTAGCGCCGACGTTG-1,1/MB,3
0.0,CGTATTAAGAGATCTA-1,3/CA3,4
-0.4648995101451874,CGTATTGTTTCCTAAT-1,"4/V,VIa,VIb",3
-0.4648995101451874,CGTCAAATGGTCGCAG-1,7/cpd,3
-0.4648995101451874,CGTCAAGGCTATAAAT-1,2/VL,3
1.4750865101814268,CGTCACGTCCATTGGT-1,5/PIR,5
1.082702626784643,CGTCAGTGCGCACAAG-1,0/HYL,5
-1.026536375284195,CGTCAGTTTATCGTCT-1,1/MB,2
0.2349699934323628,CGTCATACCATATCCA-1,10/I,4
-1.026536375284195,CGTCGCGGCGGGATTT-1,10/I,2
-0.4648995101451874,CGTCGGATAGTGTTGA-1,8/CA1,3
1.993303726116816,CGTCGTCCTTCGCGAA-1,"9/II,III,IV",5
1.7472552458445234,CGTCTCTCGCCGAGGC-1,12/cingulum bundle,5
-0.4648995101451874,CGTCTGGAAGGGCCCG-1,7/cpd,3
-1.026536375284195,CGTCTTGAGTGTGACG-1,"9/II,III,IV",2
0.0,CGTGAAGTTAATTCAC-1,3/CA3,4
-0.4648995101451874,CGTGACATTGGGTCGT-1,0/HYL,3
-0.4648995101451874,CGTGCAGACTGGGACA-1,8/CA1,3
1.226435919602712,CGTGCATTGTCGACGC-1,2/VL,5
1.314036786556244,CGTGCCCGACATTTGT-1,1/MB,5
0.0,CGTGCCCTCCCGAAGA-1,13/CA1-pyramidal layer of the hippocampus,4
6.6885864436626425,CGTGCTGGCCTAGTCG-1,14/HY,10
0.6536381145318348,CGTGGCCGAATATCTA-1,"4/V,VIa,VIb",4
-0.4648995101451874,CGTGTCCCATTCGCGA-1,3/CA3,3
-0.4648995101451874,CGTGTGTTAAACCCTG-1,11/fxs,3
4.067098617553712,CGTTAAACTAGTTAGG-1,"9/II,III,IV",8
-0.4648995101451874,CGTTAGCTCACAACTG-1,0/HYL,3
0.29587330420811964,CGTTCATGGTGCGCGT-1,5/PIR,4
-0.5616368651390076,CGTTCTTCGCACACCT-1,8/CA1,3
-1.026536375284195,CGTTGAATACCGCGCT-1,10/I,2
0.327514777580897,CGTTGAGCGACCGTCG-1,3/CA3,4
-1.026536375284195,CGTTGAGTAATTGCGT-1,0/HYL,2
0.0,CGTTGTAAGATTGATT-1,8/CA1,4
-0.4648995101451874,CGTTGTTTCAATTCCC-1,2/VL,3
-0.5616368651390076,CGTTTAAGCGGAGCAC-1,7/cpd,3
-0.4648995101451874,CGTTTACAAGGCAGCT-1,12/cingulum bundle,3
-1.026536375284195,CGTTTCACTTCGGGCG-1,0/HYL,2
0.06244094173113501,CGTTTCGCTCATTACA-1,3/CA3,4
2.115283330281576,CGTTTGTGTAGAGGGT-1,10/I,6
1.3514897227287292,CTAAACGGGTGTAATC-1,1/MB,5
0.0,CTAAAGAATGCCTACT-1,2/VL,4
-0.4648995101451874,CTAAAGGGAAATAGGA-1,3/CA3,3
0.8138005832831064,CTAAAGTCCGAAGCTA-1,14/HY,4
-0.4648995101451874,CTAAATCCTATTCCGG-1,6/TH,3
0.0,CTAACCGCGCGCCCGT-1,2/VL,4
-0.4648995101451874,CTAACGAAACTTGCTG-1,15/DG,3
0.8507218360900879,CTAACTGGTCCGGTTC-1,5/PIR,4
-1.026536375284195,CTAAGGGAATGATTGG-1,3/CA3,2
1.5105338394641876,CTAAGTACAGGGCTAC-1,0/HYL,5
1.6222753028074899,CTAATTATGAAGCGTA-1,12/cingulum bundle,5
0.0,CTAATTCTCAGATATT-1,8/CA1,4
0.6434066096941631,CTAATTTCAACAACAC-1,2/VL,4
2.9904913703600564,CTACACTAGCTTGTTC-1,1/MB,6
-0.4648995101451874,CTACCCTAAGGTCATA-1,3/CA3,3
2.6513864199320474,CTACGAACTAGGTCGA-1,1/MB,6
-0.4648995101451874,CTACGACTAGCTATAA-1,2/VL,3
0.0,CTACGCACGGAGTACC-1,3/CA3,4
-0.4648995101451874,CTACGCCATTTCCGAT-1,0/HYL,3
1.271995762983958,CTACGTGTTGCCACCA-1,1/MB,5
-0.4648995101451874,CTACTATCTTTCAGAG-1,3/CA3,3
0.0,CTACTCTAGGCCCGGC-1,2/VL,4
-0.4648995101451874,CTACTGCCACCTGACC-1,0/HYL,3
1.5569307307402291,CTAGACATATATGTAG-1,0/HYL,5
-1.026536375284195,CTAGACTGCATTTCGT-1,0/HYL,2
2.254561404387156,CTAGATAAACTCCTCG-1,1/MB,6
0.0,CTAGATGTGAGTGTAA-1,8/CA1,4
-0.4648995101451874,CTAGATTTACGACGGC-1,13/CA1-pyramidal layer of the hippocampus,3
4.933519820372263,CTAGCAACTAATTTAC-1,1/MB,8
-0.4648995101451874,CTAGCATAGTATAATG-1,3/CA3,3
1.6885140736897786,CTAGCCGATGTTATGA-1,15/DG,5
1.378593991200129,CTAGGCGCCCTATCAG-1,"4/V,VIa,VIb",5
2.3644742767016087,CTAGGCGGCAGAGAAT-1,1/MB,6
0.0,CTAGGTCTGAAGGAAT-1,13/CA1-pyramidal layer of the hippocampus,4
-1.026536375284195,CTAGGTTCGGACGTGA-1,10/I,2
-0.4648995101451874,CTAGTATTCGGAATTA-1,0/HYL,3
-0.4648995101451874,CTAGTCACGTCTTAAG-1,3/CA3,3
0.0,CTAGTGAAGGACAGGA-1,2/VL,4
0.5760080814361572,CTAGTTACAACCCGGT-1,"4/V,VIa,VIb",4
-0.4648995101451874,CTAGTTGGGCCCGGTA-1,0/HYL,3
0.0,CTATAAGAGCCAATCG-1,15/DG,4
0.5451624393463135,CTATCGACGAAATACA-1,"9/II,III,IV",4
-0.4648995101451874,CTATCGGGTCTCAACA-1,3/CA3,3
-0.4648995101451874,CTATGGGAAGCGGAAT-1,10/I,3
0.0,CTATGTCACTAGCCCA-1,0/HYL,4
2.8057000438372293,CTATGTCTATTGAAAC-1,0/HYL,6
-1.026536375284195,CTATGTGAGTCACGGC-1,5/PIR,2
0.4057994733254113,CTATTCATGTGTCCCA-1,"4/V,VIa,VIb",4
-0.4648995101451874,CTATTGTGTTTGGTCA-1,0/HYL,3
-0.4648995101451874,CTATTTGGTTACGGAT-1,8/CA1,3
-0.4648995101451874,CTCAAGACATTAGCGC-1,0/HYL,3
-0.4648995101451874,CTCACACGCAAGCCTA-1,7/cpd,3
-1.026536375284195,CTCACCGATCCAAACT-1,12/cingulum bundle,2
0.0,CTCACTTGGCTGGTAA-1,2/VL,4
-0.5616368651390076,CTCAGGACTCACCTGT-1,1/MB,3
0.0,CTCAGTCACGACAAAT-1,8/CA1,4
-1.026536375284195,CTCATCACTTAGTGAT-1,"4/V,VIa,VIb",2
2.6027897000312805,CTCATGGCTCACAATC-1,1/MB,6
0.6093758046627045,CTCATGGTAATTTGCG-1,10/I,4
0.3445460100968678,CTCATTAACGTTGCCC-1,"4/V,VIa,VIb",4
-0.4648995101451874,CTCATTTGATGGGCGG-1,0/HYL,3
-0.4648995101451874,CTCCGCCCACATGAGG-1,2/VL,3
-0.5616368651390076,CTCCGGCCTAATATGC-1,0/HYL,3
-1.026536375284195,CTCCGGCTTGTAGACA-1,10/I,2
-0.5616368651390076,CTCCTAAGTTATGTCT-1,1/MB,3
-1.026536375284195,CTCCTTTACGCAAGTC-1,8/CA1,2
-1.026536375284195,CTCGAATGGAACGTAT-1,0/HYL,2
-1.026536375284195,CTCGAGATCCAAAGCA-1,10/I,2
-0.4648995101451874,CTCGAGGTCGAACAGT-1,0/HYL,3
0.8947794238726298,CTCGATATTTGCGAGC-1,15/DG,4
-0.4648995101451874,CTCGCACCTATATAGT-1,6/TH,3
-0.4648995101451874,CTCGGGATAACACCTA-1,"4/V,VIa,VIb",3
-0.5616368651390076,CTCGGTACCACTGCTC-1,8/CA1,3
0.0,CTCGGTCCGTAGCCTG-1,0/HYL,4
-0.4648995101451874,CTCGTTTCTAATGTTT-1,15/DG,3
-1.026536375284195,CTCTAATGCATTGATC-1,8/CA1,2
-0.4648995101451874,CTCTACACTGGCGATT-1,5/PIR,3
1.2083471218744914,CTCTATTTGGCTGCAG-1,"4/V,VIa,VIb",5
-0.4648995101451874,CTCTCACAATCGATGA-1,0/HYL,3
-1.026536375284195,CTCTCGATGTGCGCCT-1,1/MB,2
-1.026536375284195,CTCTGCGAAGCAAGCA-1,0/HYL,2
-0.4648995101451874,CTCTGGACGCCTGGTG-1,3/CA3,3
-0.5616368651390076,CTCTGTGCCTGCTATG-1,1/MB,3
0.6385486821333568,CTCTGTTTGAGGATTC-1,6/TH,4
1.599577407042185,CTCTTCTATTGACTGG-1,"4/V,VIa,VIb",5
-0.0059147973855336895,CTCTTGTCCCGCTTGG-1,5/PIR,3
-0.5616368651390076,CTGAAACGGCCCTCAG-1,12/cingulum bundle,3
-0.4648995101451874,CTGAAAGAGATCCGAC-1,6/TH,3
0.2290207842985789,CTGAATCCGAGACCTC-1,5/PIR,4
-0.4648995101451874,CTGAATTTATTGCCAG-1,8/CA1,3
0.0,CTGACTGCGCAGCTCG-1,8/CA1,4
-0.5616368651390076,CTGAGAAAGTTCGGCG-1,10/I,3
-1.026536375284195,CTGAGCAAGTAACAAG-1,1/MB,2
-0.4648995101451874,CTGAGCGAGACTTATT-1,"4/V,VIa,VIb",3
-1.026536375284195,CTGATAGTGTATCTCA-1,2/VL,2
-1.026536375284195,CTGCACAACTACATAT-1,"4/V,VIa,VIb",2
-0.4648995101451874,CTGCACCTAGTCCACA-1,11/fxs,3
0.7352379063765209,CTGCACCTGGAACCGC-1,0/HYL,4
1.0571184953053794,CTGCACTCCAGTACAG-1,"9/II,III,IV",5
-0.4648995101451874,CTGCCAAGGTTGGAAG-1,6/TH,3
1.1295140584309895,CTGCCATGCATCACAT-1,3/CA3,5
-1.026536375284195,CTGCCTAGCCACCAAG-1,0/HYL,2
-0.4648995101451874,CTGCCTCATATGCAAC-1,"4/V,VIa,VIb",3
-0.4648995101451874,CTGCGGGTGAAATGTT-1,2/VL,3
-0.4648995101451874,CTGCGGTAGTCACGTG-1,0/HYL,3
-0.4648995101451874,CTGCGTTACGATATAA-1,0/HYL,3
-1.026536375284195,CTGCTGAGGCCACGAA-1,5/PIR,2
0.9888786872227988,CTGCTTGGCGATAGCT-1,"4/V,VIa,VIb",4
-0.5616368651390076,CTGCTTTATGTCCGCG-1,12/cingulum bundle,3
0.0,CTGGAAATGGATGCTT-1,7/cpd,4
2.946835070848465,CTGGAAGACACGGTGG-1,"4/V,VIa,VIb",6
-0.4648995101451874,CTGGATTTACACTTGA-1,5/PIR,3
-1.026536375284195,CTGGCATCCGAATGAG-1,5/PIR,2
-0.4648995101451874,CTGGCGACATAAGTCC-1,0/HYL,3
-0.4648995101451874,CTGGCGCACAGGTCTG-1,8/CA1,3
2.2018398245175685,CTGGCTCCTGCGGGAT-1,1/MB,6
-0.4648995101451874,CTGGCTGATTCATCCT-1,11/fxs,3
1.9551517764727275,CTGGCTGCTAACGTAA-1,1/MB,5
-1.026536375284195,CTGGCTGGTTGTCAGT-1,5/PIR,2
0.0,CTGGGATAAATAATGG-1,8/CA1,4
0.3864355782667795,CTGGGATACGCTACCC-1,"4/V,VIa,VIb",4
0.7263785004615784,CTGGGATCGCCCAGAT-1,1/MB,4
-0.07370462020238244,CTGGGCCTGCTATATC-1,5/PIR,3
1.6711830496788025,CTGGGCGGCCAAATGT-1,1/MB,5
-1.026536375284195,CTGGGCTATCCTTTGG-1,0/HYL,2
-0.4648995101451874,CTGGGTAGGCAGTTAA-1,13/CA1-pyramidal layer of the hippocampus,3
-0.4648995101451874,CTGGTAACACATAGAA-1,13/CA1-pyramidal layer of the hippocampus,3
0.0,CTGGTAACGAGCTCTT-1,15/DG,4
-1.026536375284195,CTGGTCCTAACTTGGC-1,7/cpd,2
1.2791285316149394,CTGGTTCAACGCATCA-1,7/cpd,5
-1.026536375284195,CTGGTTCGCGAGCTAC-1,"9/II,III,IV",2
1.7928044398625689,CTGGTTTCGAGCAAGA-1,11/fxs,5
-0.4648995101451874,CTGTACTTCTTAGCAT-1,3/CA3,3
-1.026536375284195,CTGTAGCCATCTCACT-1,10/I,2
-0.4648995101451874,CTGTATGGTGTAGAAA-1,7/cpd,3
2.9820047517617545,CTGTCAAATGGCTCGG-1,6/TH,6
-1.026536375284195,CTGTCACGCCAGGCGC-1,0/HYL,2
-0.4648995101451874,CTGTGCAGGGTAGGTC-1,3/CA3,3
0.583089292049408,CTGTGGTCGGGAGATA-1,"9/II,III,IV",4
-0.4648995101451874,CTGTTACCCAATCTAG-1,5/PIR,3
0.0,CTGTTCACTGCCTGTG-1,0/HYL,4
-0.4648995101451874,CTGTTCATCTCACGGG-1,7/cpd,3
3.851723154385884,CTTAACTTCGAAGTAC-1,6/TH,7
-0.4648995101451874,CTTACACGGTATTCCA-1,3/CA3,3
-1.026536375284195,CTTACACTGGGAAATA-1,0/HYL,2
-0.4648995101451874,CTTAGCCTTCCACATG-1,6/TH,3
-0.4648995101451874,CTTAGGTCCCAATCGT-1,"4/V,VIa,VIb",3
0.0,CTTAGTAGGCCTACAG-1,8/CA1,4
-0.4648995101451874,CTTATGCGCTCAGGGC-1,10/I,3
2.78745569785436,CTTATGTTGACTACCA-1,1/MB,6
-0.5616368651390076,CTTCATAGCTCAAGAA-1,7/cpd,3
-0.5616368651390076,CTTCATTGTCAGTGGA-1,3/CA3,3
-0.4648995101451874,CTTCCGCTCCGTGAAG-1,10/I,3
-1.026536375284195,CTTCCTGCATATTTAC-1,0/HYL,2
0.8805995682875316,CTTCGGCCAATTGTTT-1,"9/II,III,IV",4
-0.4648995101451874,CTTCGTAGATAGGTGA-1,2/VL,3
2.908908128738404,CTTCGTGCCCGCATCG-1,14/HY,6
-1.026536375284195,CTTCTATGTTGAAGTA-1,5/PIR,2
0.0,CTTCTATTAATGCTAG-1,5/PIR,4
-0.4648995101451874,CTTCTTACGTCGTATA-1,7/cpd,3
-0.5616368651390076,CTTGACCCGAAAGATA-1,7/cpd,3
0.8229239185651143,CTTGAGGTTATCCCGA-1,1/MB,4
0.0,CTTGAGTTAGGGTAAT-1,13/CA1-pyramidal layer of the hippocampus,4
0.8957883417606354,CTTGCAACCGCCTCCT-1,5/PIR,4
0.0,CTTGCCCAGGCTCTAC-1,2/VL,4
0.0,CTTGTACTTGTTGACT-1,0/HYL,4
2.303740680217744,CTTGTCAACATTCGAG-1,"4/V,VIa,VIb",6
-0.5616368651390076,CTTGTCGTACGTGTCA-1,1/MB,3
-1.026536375284195,CTTGTGAGGACAGCGG-1,14/HY,2
1.591224948565165,CTTGTGAGTCTTTGAC-1,1/MB,5
-0.4648995101451874,CTTGTGCTCACCGATT-1,0/HYL,3
0.0,CTTGTTGCTGAGTCAA-1,8/CA1,4
-0.5616368651390076,CTTGTTTATGTAGCCA-1,7/cpd,3
-0.4648995101451874,CTTTAACTTTCAAAGG-1,6/TH,3
-1.026536375284195,CTTTAATATTGGTCGA-1,"4/V,VIa,VIb",2
0.5918408334255219,CTTTACCGAATAGTAG-1,"4/V,VIa,VIb",4
0.0,CTTTAGGAACACTGTT-1,13/CA1-pyramidal layer of the hippocampus,4
0.0,CTTTAGTGCTATTATT-1,3/CA3,4
3.5352435509363813,CTTTCTGTGCGGGCTT-1,"9/II,III,IV",7
-0.4648995101451874,CTTTGGCAGACAGAGT-1,0/HYL,3
0.2707106868426005,CTTTGGCGCTTTATAC-1,2/VL,4
-0.4648995101451874,CTTTGGCTTTAGTAAA-1,3/CA3,3
-0.4648995101451874,GAAACAGATGACCACC-1,13/CA1-pyramidal layer of the hippocampus,3
-1.026536375284195,GAAACAGCCATGCAGT-1,6/TH,2
0.0,GAAACCATGGTGCGCT-1,8/CA1,4
-0.4648995101451874,GAAACCGAATTACCTT-1,2/VL,3
-0.4648995101451874,GAAACTCGTGCGATGC-1,2/VL,3
2.212276955445608,GAAACTCTAATGAAGG-1,6/TH,6
-0.4648995101451874,GAAAGAACAGCGTTAT-1,13/CA1-pyramidal layer of the hippocampus,3
0.6605440080165863,GAAAGCAGTGCACTTT-1,10/I,4
-1.026536375284195,GAAAGCCCTTTGGACC-1,2/VL,2
-1.026536375284195,GAAAGTGACTAACTGC-1,2/VL,2
-0.4648995101451874,GAAATACCTGCTGGCT-1,0/HYL,3
1.5657275120417278,GAAATACTAAACGTTT-1,2/VL,5
-0.4648995101451874,GAAATATCACCATCAG-1,2/VL,3
0.8319774667421976,GAAATATGCTTGAATG-1,12/cingulum bundle,4
-0.4648995101451874,GAAATCGCGCGCAACT-1,6/TH,3
0.0,GAAATGGCGGTGTTAG-1,7/cpd,4
-1.026536375284195,GAAATGGGATGTAAAC-1,14/HY,2
-0.4648995101451874,GAAATTAGCACGGATA-1,0/HYL,3
-0.5616368651390076,GAAATTCACATCGCTG-1,0/HYL,3
-0.4648995101451874,GAAATTGTCTCTATAA-1,2/VL,3
0.0,GAACACACATCAACCA-1,0/HYL,4
0.010867486397425295,GAACAGATTACTAAAT-1,10/I,4
-0.4648995101451874,GAACATTAGTATGTTA-1,7/cpd,3
-0.5616368651390076,GAACCATCTGGGAGAC-1,1/MB,3
-0.4648995101451874,GAACCTCGACCTACAC-1,10/I,3
-0.4648995101451874,GAACGACCGAATGATA-1,6/TH,3
-0.4648995101451874,GAACGATAAGTTAAAG-1,"4/V,VIa,VIb",3
-0.4648995101451874,GAACGCGGGTCACACG-1,"9/II,III,IV",3
0.0,GAACGTCTCATGGTCG-1,3/CA3,4
-0.1186028321584066,GAACGTTAGGAAGACG-1,2/VL,3
0.3062524894873301,GAACTTAGCGCCCGGT-1,0/HYL,4
-0.4648995101451874,GAACTTGTGCACGGGA-1,7/cpd,3
-0.5616368651390076,GAAGAACGGTGCAGGT-1,1/MB,3
2.0741008321444188,GAAGACTTCAATGCCG-1,1/MB,6
-0.5616368651390076,GAAGCAAGGCAATGTT-1,1/MB,3
-0.4648995101451874,GAAGCGTGAGGAATTT-1,3/CA3,3
1.815564776460329,GAAGGACTAAATTGAA-1,14/HY,5
-0.5616368651390076,GAAGGCTACCATTGTT-1,13/CA1-pyramidal layer of the hippocampus,3
0.5655176758766174,GAAGGGCATAACCATG-1,14/HY,4
3.6885411093632383,GAAGTCAGTTGCACTA-1,"4/V,VIa,VIb",7
-0.4648995101451874,GAAGTCTCCCTAGCGA-1,8/CA1,3
0.9499943653742472,GAAGTGATTTATCGTG-1,2/VL,4
-0.4648995101451874,GAAGTGCTGGATAGCT-1,6/TH,3
-1.026536375284195,GAAGTTTCCACTCAAT-1,3/CA3,2
-0.4648995101451874,GAATAGACGCGACCCA-1,11/fxs,3
1.0362352033456166,GAATAGCATTTAGGGT-1,"9/II,III,IV",5
-0.5616368651390076,GAATAGCCCTGCGGTC-1,12/cingulum bundle,3
-0.4648995101451874,GAATATTCGGAGTCCC-1,0/HYL,3
0.0,GAATCGACATGGTCAC-1,7/cpd,4
-0.5616368651390076,GAATCGCCGGACACGG-1,0/HYL,3
-1.026536375284195,GAATCTATACTCGGAC-1,1/MB,2
0.0,GAATCTGAACATTCTC-1,3/CA3,4
-0.5616368651390076,GAATGAAGGTCTTCAG-1,7/cpd,3
-0.4648995101451874,GAATGTATGGCAGGTC-1,0/HYL,3
-0.4648995101451874,GAATGTGGTCCGGATT-1,3/CA3,3
-0.4648995101451874,GAATGTTGGGTAATCT-1,6/TH,3
-0.4648995101451874,GAATTATAGTGAAAGG-1,3/CA3,3
-0.4648995101451874,GAATTATGCAACCTAC-1,12/cingulum bundle,3
-0.4648995101451874,GAATTCACCCGGGTGT-1,5/PIR,3
-0.4648995101451874,GAATTTCTCGCTGCAG-1,2/VL,3
-0.4648995101451874,GACAAACATATGCAGG-1,"4/V,VIa,VIb",3
-0.4648995101451874,GACAACGACCATTGAA-1,6/TH,3
0.0,GACAACGCAGCTTACG-1,0/HYL,4
-0.4648995101451874,GACACAAGGGAAGAAA-1,0/HYL,3
-1.026536375284195,GACACGAGTTAGAGGA-1,2/VL,2
-0.4648995101451874,GACACTGAGTTCAGTG-1,2/VL,3
0.0,GACACTGGAACCCGAT-1,10/I,4
-0.4648995101451874,GACAGCCAGACCTGAC-1,13/CA1-pyramidal layer of the hippocampus,3
-0.4648995101451874,GACAGGCACACACTAT-1,2/VL,3
-1.026536375284195,GACATCGATTTATAAC-1,5/PIR,2
0.0,GACCAGAGCCCTGTAG-1,3/CA3,4
0.7045099238554635,GACCAGGTCATTCATA-1,1/MB,4
-1.026536375284195,GACCCGTCGCCGGCTA-1,0/HYL,2
1.6746886471907296,GACCGACCGCTAATAT-1,14/HY,5
1.870222995678584,GACCGACGTGAAAGCA-1,"4/V,VIa,VIb",5
-0.4648995101451874,GACCGACTGAAGCGTC-1,2/VL,3
1.637516568104426,GACCGCGTCTGACGTG-1,"9/II,III,IV",5
-0.4648995101451874,GACCGTCAGGTCGTGA-1,0/HYL,3
-0.4648995101451874,GACCGTGCTGACGGTG-1,3/CA3,3
-1.026536375284195,GACGACGATCCGCGTT-1,"4/V,VIa,VIb",2
2.496174906690915,GACGACTTTCCAAGAA-1,14/HY,6
1.6363474925359092,GACGAGGCTAATAAAC-1,10/I,5
0.24713946878910065,GACGCCGTAAAGGCTA-1,5/PIR,4
-0.5616368651390076,GACGCCTGTTGCAGGG-1,1/MB,3
0.0,GACGCTTGCTTCTAAA-1,2/VL,4
1.677992800871531,GACGGACCGCGTTCCT-1,1/MB,5
2.507036340236664,GACGGGATGTCTTATG-1,1/MB,6
0.0,GACGGTCAATAGAAGC-1,8/CA1,4
2.2435353875160216,GACGGTCCTAGGGTGT-1,"9/II,III,IV",6
0.7846411267916362,GACGTGAGACTCCATG-1,1/MB,4
-0.4648995101451874,GACGTGTAGGGATTAT-1,3/CA3,3
-0.5616368651390076,GACGTTCGTAAATACA-1,13/CA1-pyramidal layer of the hippocampus,3
0.5129600862661997,GACTAACACAGCACCT-1,0/HYL,4
0.0,GACTAAGATCATGCAC-1,0/HYL,4
0.0,GACTAAGTAGGCTCAC-1,3/CA3,4
0.32128831148147585,GACTACAAAGCGGTGG-1,10/I,4
-0.4648995101451874,GACTACAATTGCTCGT-1,0/HYL,3
-0.4648995101451874,GACTCACCCACGTGAG-1,11/fxs,3
0.0,GACTCCCAGAATAAGG-1,8/CA1,4
0.0,GACTCGCGGGAATGAC-1,15/DG,4
-0.4648995101451874,GACTCGGTCGGCGGAT-1,0/HYL,3
-1.026536375284195,GACTGATTGGTCACAA-1,0/HYL,2
-0.4648995101451874,GACTGCACCAGCCCAG-1,11/fxs,3
-0.4648995101451874,GACTGCGGCACGTGTA-1,10/I,3
-0.4648995101451874,GACTGGGCGCCGCAAC-1,0/HYL,3
-1.026536375284195,GAGACCCTGCAACGCC-1,12/cingulum bundle,2
0.0,GAGACTGATGGGTAGA-1,0/HYL,4
0.2464118550221125,GAGACTTCGCGACCGA-1,"4/V,VIa,VIb",4
0.0,GAGAGGGCGCGAGGTT-1,2/VL,4
0.12223940094312025,GAGAGGTGCATTCTGG-1,5/PIR,4
-0.4648995101451874,GAGATCTGCTTGGCAT-1,3/CA3,3
-0.4648995101451874,GAGATCTGTCACTCCG-1,0/HYL,3
-0.4648995101451874,GAGATCTTCCATGACA-1,11/fxs,3
-0.4648995101451874,GAGATGACAATCCTTA-1,"4/V,VIa,VIb",3
2.9818170468012486,GAGATGGGAGTCGACA-1,"4/V,VIa,VIb",6
1.7426285147666931,GAGCACCTGTGTCCAG-1,10/I,5
2.0003376106421147,GAGCACGGCGCCTCTT-1,"9/II,III,IV",6
-0.5616368651390076,GAGCATCATCCCTGGG-1,0/HYL,3
-1.026536375284195,GAGCCACGGTAGTAGG-1,0/HYL,2
4.322154382864634,GAGCCAGCTACCTGTG-1,"9/II,III,IV",8
-0.4648995101451874,GAGCCGAGCGTTTATT-1,8/CA1,3
0.0,GAGCGAGGGAGTACCG-1,7/cpd,4
-0.4648995101451874,GAGCGCAAATACTCCG-1,"9/II,III,IV",3
1.009109079837799,GAGCGCGCACGAGTAG-1,"4/V,VIa,VIb",5
0.5843012928962708,GAGCGCTATGTCAGGC-1,14/HY,4
-0.4648995101451874,GAGCTAAGGGCATATC-1,6/TH,3
-0.5616368651390076,GAGCTCTCGGACCTAA-1,1/MB,3
0.0,GAGCTGTCGTCTCGGA-1,8/CA1,4
-1.026536375284195,GAGGAATGGAGAGGTT-1,2/VL,2
-0.5616368651390076,GAGGAGTAATTCCTAC-1,1/MB,3
2.8487281799316406,GAGGATAAACAGTGCT-1,"4/V,VIa,VIb",6
0.0,GAGGCATTTGCAGCAG-1,7/cpd,4
-0.4648995101451874,GAGGCTATCAAAGTCG-1,2/VL,3
0.6073794166247051,GAGGGCATCGCGTATC-1,1/MB,4
-0.4648995101451874,GAGGGCCATAATATTA-1,7/cpd,3
0.5381841421127321,GAGGGCCGGCAGAGTC-1,12/cingulum bundle,4
-0.4648995101451874,GAGGGCGCAGCTCTGC-1,6/TH,3
-0.4648995101451874,GAGGTACATCCATCTT-1,6/TH,3
-0.5616368651390076,GAGGTCCCAAAGATCT-1,2/VL,3
-1.026536375284195,GAGGTCTTAGTGGGTC-1,1/MB,2
0.9350047210852304,GAGTACGGGTATACAA-1,1/MB,4
-1.026536375284195,GAGTATGCCCGCCTTG-1,5/PIR,2
0.0,GAGTCAGACCAGAATC-1,10/I,4
-0.4648995101451874,GAGTGCACGGACAACA-1,"4/V,VIa,VIb",3
0.0,GAGTGTGCGGTACCCA-1,11/fxs,4
2.0143333872159324,GATAAATCGGTGGATG-1,1/MB,6
0.0,GATAACTCGCACTGTG-1,8/CA1,4
5.134500006834666,GATAAGGCAGATGCAA-1,1/MB,9
0.6472371717294056,GATACCGTGTCGGAGT-1,"9/II,III,IV",4
-0.4648995101451874,GATACGATGGGAGTCA-1,5/PIR,3
0.5393809199333189,GATAGGATTAATTACA-1,"9/II,III,IV",4
-0.4648995101451874,GATAGGTAACGTTGAC-1,5/PIR,3
-0.5616368651390076,GATAGGTGTCCCGGGC-1,"9/II,III,IV",3
1.106546620527903,GATATCTCATGCAATA-1,0/HYL,5
-1.026536375284195,GATATGAGACACTAAC-1,8/CA1,2
6.012573599815369,GATATGCGGTAGCCAA-1,6/TH,10
-0.4648995101451874,GATATGGATTACGCGG-1,2/VL,3
0.0,GATATTGAGATTGGCG-1,8/CA1,4
-0.4648995101451874,GATATTTCCTACATGG-1,0/HYL,3
0.0,GATCATTCCAAACATT-1,7/cpd,4
0.0,GATCCCTTTATACTGC-1,0/HYL,4
-1.026536375284195,GATCCGAATATAAGTG-1,"9/II,III,IV",2
-0.4648995101451874,GATCCGGGAATTAACA-1,8/CA1,3
-0.4648995101451874,GATCCTAAATCGGGAC-1,15/DG,3
-1.026536375284195,GATCCTCGACACTGGC-1,5/PIR,2
-0.4648995101451874,GATCCTCTTGCGCTTA-1,0/HYL,3
-0.4648995101451874,GATCGACACTATCTGA-1,7/cpd,3
-0.4648995101451874,GATCGCGGGCTCTCCA-1,3/CA3,3
-0.4648995101451874,GATCGCTACCCGATTT-1,"4/V,VIa,VIb",3
-0.4648995101451874,GATCGGATAGAACCAT-1,5/PIR,3
-0.4648995101451874,GATCGGTGGCCATAAC-1,0/HYL,3
-0.4648995101451874,GATCGTGACTGATATC-1,3/CA3,3
0.0,GATCTTAGTGAACGTG-1,10/I,4
-0.4648995101451874,GATCTTGGAGGGCATA-1,3/CA3,3
0.0,GATCTTTGCAGGGTAT-1,2/VL,4
1.6914926369984944,GATCTTTGCTCAAAGA-1,12/cingulum bundle,5
-0.5616368651390076,GATGACGATGATCGCG-1,12/cingulum bundle,3
1.0928605198860168,GATGATTTGAAACTGG-1,1/MB,5
2.7138989567756653,GATGCCACACTACAGC-1,1/MB,6
-0.5616368651390076,GATGCGTCCTGCATTC-1,3/CA3,3
-0.5616368651390076,GATGCTACAAGCGCCT-1,0/HYL,3
-0.4648995101451874,GATGCTGTATTTCATC-1,13/CA1-pyramidal layer of the hippocampus,3
-0.5616368651390076,GATGGCGCACACATTA-1,7/cpd,3
-0.5616368651390076,GATGGTGAAATAACCC-1,12/cingulum bundle,3
-0.4648995101451874,GATGGTGCCCTAGGCA-1,0/HYL,3
1.3759661118189492,GATGTCCGGATCACAT-1,7/cpd,5
-1.026536375284195,GATGTCGGTCAACTGC-1,6/TH,2
0.6764272848765055,GATGTGTTGTCACAAG-1,1/MB,4
-1.026536375284195,GATGTTTGTGCGAGAT-1,7/cpd,2
1.075472782055537,GATTAACCGAAAGCCC-1,"9/II,III,IV",5
1.4488002061843872,GATTAATCCTGGCTCA-1,1/MB,5
-0.4648995101451874,GATTACTGAATTTGGG-1,2/VL,3
-0.4648995101451874,GATTCCCTTGTCGCAG-1,0/HYL,3
-0.4648995101451874,GATTCCGCGTTTCCGT-1,6/TH,3
-1.026536375284195,GATTCCTATACGGCGC-1,2/VL,2
-0.4648995101451874,GATTCGACGGTTCACG-1,3/CA3,3
-1.026536375284195,GATTGACACTCTGCTC-1,1/MB,2
-0.4648995101451874,GATTTAGTGCGTACTG-1,7/cpd,3
-0.4648995101451874,GCAAACCCTACATTAT-1,"4/V,VIa,VIb",3
-1.026536375284195,GCAAACCTTGGCCATA-1,10/I,2
0.2961860497792561,GCAAACGTCGCCAGGT-1,"9/II,III,IV",4
0.0,GCAAATATTACGCTTT-1,2/VL,4
-0.5105444528162479,GCAACACACTAGAACT-1,5/PIR,3
-1.026536375284195,GCAACAGCAGTATGCG-1,"4/V,VIa,VIb",2
-1.026536375284195,GCAACCACCAGACCGG-1,0/HYL,2
-1.026536375284195,GCAACCACGGCCGCGT-1,5/PIR,2
-1.026536375284195,GCAACGGCTAGTTATG-1,"4/V,VIa,VIb",2
-0.4648995101451874,GCAAGAATTCCTTGGC-1,5/PIR,3
-1.026536375284195,GCAAGATGTGTTCGCG-1,0/HYL,2
0.0,GCAAGTGCACAGAGAA-1,7/cpd,4
-0.4648995101451874,GCAATTAGTCGCACCG-1,"4/V,VIa,VIb",3
-1.026536375284195,GCACAAACGAGGCGTG-1,"9/II,III,IV",2
-1.026536375284195,GCACAAGTGTCGGAAG-1,6/TH,2
-1.026536375284195,GCACACACTGGTAGCC-1,"9/II,III,IV",2
-0.4648995101451874,GCACACGCCCATGGTC-1,10/I,3
-0.5616368651390076,GCACTAGTCGCGCTAT-1,0/HYL,3
-0.5616368651390076,GCACTCCCACAGTCCC-1,1/MB,3
2.9575674335161843,GCACTGTGCAAATGTA-1,1/MB,6
2.531641085942586,GCAGAAACGTAATCCA-1,12/cingulum bundle,6
-0.4648995101451874,GCAGACCCAGCACGTA-1,11/fxs,3
1.908252070347468,GCAGATCCATAAGACT-1,"4/V,VIa,VIb",5
-0.5616368651390076,GCAGATTAGGGATATC-1,3/CA3,3
-0.4648995101451874,GCAGCCTATATCACAT-1,11/fxs,3
1.0326769948005676,GCAGCGGTGGGCATTA-1,1/MB,5
-1.026536375284195,GCAGCTATGGACAGGT-1,12/cingulum bundle,2
0.0,GCAGGACTATAGAATA-1,2/VL,4
-0.4648995101451874,GCAGGTAGAGTATGGT-1,0/HYL,3
0.4718205690383911,GCATAAATTGAACGCC-1,12/cingulum bundle,4
-0.11918071409066522,GCATACGAGGTCTTTA-1,5/PIR,3
0.0,GCATAGAGCACTCAGG-1,3/CA3,4
1.4772269129753113,GCATCCCTAACTTTGA-1,1/MB,5
-1.026536375284195,GCATCGGCCGTGTAGG-1,8/CA1,2
0.0,GCATGAGGGACGCGGC-1,3/CA3,4
0.0,GCATTCAAGGCAACGC-1,8/CA1,4
-0.4648995101451874,GCATTCGAAATGAACA-1,10/I,3
-0.4648995101451874,GCATTGTAATTCATAT-1,2/VL,3
-0.4648995101451874,GCATTTCCAAGGCTCC-1,13/CA1-pyramidal layer of the hippocampus,3
0.0,GCCAACCATTTCCGGA-1,8/CA1,4
0.0,GCCAATAGGGCATCTC-1,15/DG,4
1.244388997554779,GCCACAATTTAAGGAC-1,5/PIR,5
-0.4648995101451874,GCCAGGAGTAACCGAT-1,6/TH,3
-0.4648995101451874,GCCAGGCGTTCGCATG-1,0/HYL,3
-0.4648995101451874,GCCATATTGCACACAG-1,6/TH,3
-0.4648995101451874,GCCATCGAGCTGCGTG-1,5/PIR,3
0.0,GCCATCGATGCTGCAT-1,13/CA1-pyramidal layer of the hippocampus,4
1.9122121135393777,GCCCACCAAGGCTGTC-1,1/MB,5
2.8525156776110334,GCCCACTGGTCCACAA-1,12/cingulum bundle,6
-1.026536375284195,GCCCAGATGCTGGAGA-1,"4/V,VIa,VIb",2
-0.4648995101451874,GCCCAGTTGGTATGCC-1,7/cpd,3
2.14317786693573,GCCCGACTTCTTCCCG-1,5/PIR,6
0.5411563416322072,GCCCGATCTGTGGTCG-1,"4/V,VIa,VIb",4
0.6035128732522328,GCCCGCGCGTAAACGG-1,5/PIR,4
-1.026536375284195,GCCCGCGCGTTTGACA-1,7/cpd,2
-0.4648995101451874,GCCCGTAATACCTTCT-1,6/TH,3
0.658754716316859,GCCGAAATTCCTACGT-1,3/CA3,4
-1.026536375284195,GCCGATTGGCCAAGCT-1,3/CA3,2
0.2588098148504893,GCCGCACTCCGTTTCA-1,"9/II,III,IV",4
-1.026536375284195,GCCGCATTAGTCCGGC-1,2/VL,2
1.3181822896003723,GCCGCTAGATACGCAG-1,1/MB,5
-0.5616368651390076,GCCGGAAACACATCTT-1,1/MB,3
-0.4648995101451874,GCCGGGTTAGGGTCGC-1,3/CA3,3
3.27514652411143,GCCGGTTTGGGCGGAT-1,1/MB,7
-1.026536375284195,GCCGTGGAAGAAATGT-1,"4/V,VIa,VIb",2
-1.026536375284195,GCCTAGCGATCTGACC-1,7/cpd,2
-0.4648995101451874,GCCTATAGTGTCAGGG-1,3/CA3,3
-0.5616368651390076,GCCTATGCTGGGCCTT-1,12/cingulum bundle,3
-0.038627376159032216,GCCTATTCCGATATAG-1,2/VL,3
-1.026536375284195,GCCTATTTGCTACACA-1,1/MB,2
-0.4648995101451874,GCCTCATCTGGAAATA-1,11/fxs,3
-1.026536375284195,GCCTCTATACATAGCA-1,"9/II,III,IV",2
1.8048833906650543,GCCTGCTACACTGAGA-1,0/HYL,5
2.079653700192769,GCCTTCAGCCCTACCG-1,0/HYL,6
0.9205075403054556,GCGAAACGATCGGGAG-1,"9/II,III,IV",4
-1.026536375284195,GCGAAACTTAACTGGA-1,11/fxs,2
-0.4648995101451874,GCGAAGCCATACCCGT-1,0/HYL,3
0.0,GCGACATGTAAACATC-1,11/fxs,4
-0.4648995101451874,GCGACGATAGTTGTAC-1,5/PIR,3
-0.5616368651390076,GCGAGAGGCCATGTAA-1,8/CA1,3
0.0,GCGAGAGTTGCGTCCA-1,13/CA1-pyramidal layer of the hippocampus,4
-0.4648995101451874,GCGAGCGCATGCTCCC-1,11/fxs,3
1.148199478785197,GCGAGGCCCGAGCAGA-1,3/CA3,5
-0.5616368651390076,GCGAGGGACTGCTAGA-1,14/HY,3
0.19253592814008394,GCGAGTTCTGCAAAGA-1,3/CA3,4
-1.026536375284195,GCGATTCTGGAAGCAG-1,6/TH,2
-0.4648995101451874,GCGATTGTTAACGTTA-1,3/CA3,3
0.0,GCGCAAGAGCGCGCTG-1,11/fxs,4
-0.4648995101451874,GCGCATCCAGTCAGCA-1,15/DG,3
-0.4648995101451874,GCGCCGTTCCACGATA-1,3/CA3,3
2.0873556236426034,GCGCCTCCCACTCCGA-1,"9/II,III,IV",6
-0.5616368651390076,GCGCGATGGGTCAAGT-1,1/MB,3
2.613646884759268,GCGCGTCATTGGTACA-1,10/I,6
1.582115113735199,GCGCGTTTAAATCGTA-1,14/HY,5
-1.026536375284195,GCGCTAAGTATGCATG-1,1/MB,2
-0.4648995101451874,GCGCTAATTGAATAGA-1,3/CA3,3
0.6177318791548412,GCGCTGATCCAGACTC-1,0/HYL,4
-0.4648995101451874,GCGCTGCTTTGCATTT-1,3/CA3,3
2.046849211057027,GCGCTTAAATAATTGG-1,"9/II,III,IV",6
0.1568143765131632,GCGGACCGCGTTGTGG-1,5/PIR,4
-0.4648995101451874,GCGGAGAGGGAGAACG-1,11/fxs,3
0.0,GCGGCTCTGACGTACC-1,2/VL,4
-1.026536375284195,GCGGGAACCAGGCCCT-1,0/HYL,2
-0.4648995101451874,GCGGGCATTACGATGC-1,"4/V,VIa,VIb",3
0.8465116520722706,GCGGGCGAGCCTTACC-1,5/PIR,4
2.213941792647044,GCGGTAACCCAAATGA-1,1/MB,6
-0.5616368651390076,GCGGTCCCGGTGAAGG-1,7/cpd,3
-1.026536375284195,GCGGTCCCTAGACGCA-1,0/HYL,2
-0.4648995101451874,GCGGTGAACTGCGCTC-1,6/TH,3
-1.026536375284195,GCGGTTCCCTATCATG-1,5/PIR,2
0.0,GCGTAAATGGCCATAA-1,8/CA1,4
0.6242455045382183,GCGTCCAGCTCGTGGC-1,1/MB,4
-0.4648995101451874,GCGTCGAAATGTCGGT-1,6/TH,3
-1.026536375284195,GCGTCGCCAGGGTGAT-1,5/PIR,2
-1.026536375284195,GCGTCTAACCTCCTAA-1,"4/V,VIa,VIb",2
0.0,GCGTCTCTGCATTGGG-1,2/VL,4
-0.4648995101451874,GCGTGGTACTGGGTTA-1,8/CA1,3
-1.026536375284195,GCGTGTATGTCGTATT-1,1/MB,2
-1.026536375284195,GCGTTATATTTGGAAC-1,2/VL,2
-0.4648995101451874,GCGTTCGGAGACCGGG-1,15/DG,3
-1.026536375284195,GCTAAACCTGAGGTGA-1,2/VL,2
-1.026536375284195,GCTAACTGAAGTCTGA-1,10/I,2
-0.4648995101451874,GCTAAGTAGTTTCTCT-1,3/CA3,3
0.0,GCTAATACCGAATGCC-1,0/HYL,4
1.6318080623944602,GCTACACTGTCCGAAC-1,14/HY,5
-0.4648995101451874,GCTACAGTACGGACCG-1,5/PIR,3
0.0,GCTACGACTTATTGGG-1,3/CA3,4
-1.026536375284195,GCTACTATAGTAGAGT-1,"4/V,VIa,VIb",2
-0.4648995101451874,GCTAGACCGTCTACTG-1,"4/V,VIa,VIb",3
-1.026536375284195,GCTAGAGTAGAGATGT-1,10/I,2
0.6574209531148274,GCTAGCACCTGGGCCA-1,"9/II,III,IV",4
-0.4648995101451874,GCTAGCAGGGAGTGGG-1,0/HYL,3
1.7382993300755818,GCTAGCTTGAATAGCT-1,5/PIR,5
-1.026536375284195,GCTAGGCACCACGGAG-1,"9/II,III,IV",2
-0.4648995101451874,GCTAGTAGAGCTTGTA-1,3/CA3,3
-1.026536375284195,GCTAGTTTCATTGAGG-1,7/cpd,2
2.7616361776987706,GCTATACGTCTCGGAC-1,"4/V,VIa,VIb",6
1.1778636972109475,GCTATCATACTCATGG-1,"9/II,III,IV",5
0.3485459208488464,GCTATCGCGGCGCAAC-1,2/VL,4
1.3521555185317993,GCTCAATCCGTTTATT-1,10/I,5
2.244971672693888,GCTCATTACTGCATGT-1,0/HYL,6
-1.026536375284195,GCTCCCAGTCGGTCCA-1,"4/V,VIa,VIb",2
1.3882653216520946,GCTCCGCTCGCTTCAG-1,"4/V,VIa,VIb",5
-0.4648995101451874,GCTCGCTCATGTCCAA-1,11/fxs,3
3.855788419644038,GCTCGGAATTTAAAGC-1,6/TH,7
-0.4648995101451874,GCTCTAAACCCTGACG-1,0/HYL,3
-0.4648995101451874,GCTCTATGTTACGTGC-1,3/CA3,3
-0.4648995101451874,GCTCTCGGGTACCGAA-1,0/HYL,3
0.7211077312628427,GCTGAACTCTCCAGGG-1,"9/II,III,IV",4
0.6718092958132426,GCTGAGGCGTGAGTAT-1,3/CA3,4
-0.4648995101451874,GCTGCACGGTTTCTTA-1,3/CA3,3
1.0579058527946472,GCTGCTAAGTAGTCGA-1,10/I,5
2.5493577122688293,GCTGCTACTGCGTAGC-1,"4/V,VIa,VIb",6
0.0,GCTGCTCTCCGGACAC-1,0/HYL,4
-0.4648995101451874,GCTGGACCCAAAGTGG-1,0/HYL,3
-0.4648995101451874,GCTGGCATATTCACCT-1,2/VL,3
-1.026536375284195,GCTGGCGGCGCATGCT-1,"9/II,III,IV",2
2.2494946817557016,GCTGGGTCCGCTGTTA-1,14/HY,6
4.313085277875263,GCTGGTGACTCGTAGT-1,12/cingulum bundle,8
0.7356006999810536,GCTGTATTACTGGCCC-1,5/PIR,4
-0.4648995101451874,GCTGTCTGTGATCGAC-1,0/HYL,3
0.0,GCTGTTGCTACCGAAC-1,13/CA1-pyramidal layer of the hippocampus,4
0.0,GCTTAATGTAACTAAC-1,13/CA1-pyramidal layer of the hippocampus,4
-0.4648995101451874,GCTTACGTAGTTAGTA-1,11/fxs,3
1.2025388677914937,GCTTAGGGAAGCGGTA-1,12/cingulum bundle,5
-0.4648995101451874,GCTTATGAAGCAGGAA-1,8/CA1,3
0.8077136973539989,GCTTCAGTGGGATTAC-1,0/HYL,4
3.830281039079032,GCTTCCAGCTTAGATT-1,14/HY,7
-0.4648995101451874,GCTTCCGTCCCTAGAC-1,6/TH,3
0.0,GCTTGATGATAATCAG-1,7/cpd,4
2.3198551138242087,GCTTGCAGCACAATTG-1,12/cingulum bundle,6
-0.4648995101451874,GCTTGGATCGATTAGG-1,8/CA1,3
-0.4648995101451874,GCTTTCAGAGGAGGTG-1,8/CA1,3
0.0,GCTTTCTATCTCAACT-1,12/cingulum bundle,4
0.0,GGAAACCTTGTTGAAT-1,8/CA1,4
3.0141531129678087,GGAAAGTGCCCATGCC-1,6/TH,7
0.0,GGAACCGTGTAAATTG-1,5/PIR,4
0.5663077533245087,GGAAGATAAGACTGTA-1,12/cingulum bundle,4
-0.4648995101451874,GGAAGCTCGCTTACAG-1,0/HYL,3
0.6437246104081471,GGAATAACCTCAAGAA-1,7/cpd,4
-0.4648995101451874,GGAATGCGCTAGCGTG-1,3/CA3,3
0.2575674851735432,GGACACAAGTTTACAC-1,"9/II,III,IV",4
0.4260965002079805,GGACCAACAGGATAAC-1,"4/V,VIa,VIb",4
-1.026536375284195,GGACCTACGGTAACGT-1,12/cingulum bundle,2
2.9318500558535256,GGACGGCTTGCGCAAC-1,0/HYL,6
-0.4648995101451874,GGACGTCCATAGTTGG-1,7/cpd,3
0.0,GGAGAAGTCATTGGCA-1,7/cpd,4
-0.4648995101451874,GGAGACCAATGTGCTT-1,13/CA1-pyramidal layer of the hippocampus,3
-0.4648995101451874,GGAGACGACACCTTTG-1,3/CA3,3
-0.4648995101451874,GGAGCACCAAGAACTA-1,6/TH,3
-1.026536375284195,GGAGGATTGAAAGGAG-1,1/MB,2
1.825413237015406,GGAGGCCGAAGTCGTC-1,"4/V,VIa,VIb",5
-1.026536375284195,GGAGGCGAAGAACCGC-1,0/HYL,2
-0.4648995101451874,GGAGGGCTTGGTTGGC-1,3/CA3,3
0.0,GGAGTGCCGCCCTGGA-1,0/HYL,4
-0.5616368651390076,GGATACTCATGAATTG-1,0/HYL,3
-0.5616368651390076,GGATCAAAGGACGAGG-1,1/MB,3
-0.4648995101451874,GGATCATCCCGTACGC-1,0/HYL,3
-1.026536375284195,GGATCCCTACCAGCTA-1,14/HY,2
-0.4648995101451874,GGATCCGGAATATACT-1,3/CA3,3
-0.4648995101451874,GGATGAAGATCGCTGA-1,11/fxs,3
-0.4648995101451874,GGATGACGCGAGTTTA-1,2/VL,3
-0.4648995101451874,GGATGCTGGCGTTCCT-1,2/VL,3
-0.4648995101451874,GGATGTCCTTACCGCA-1,8/CA1,3
-1.026536375284195,GGATTAAGCTAAGGTC-1,0/HYL,2
0.0,GGATTCAGTACGGTGG-1,7/cpd,4
-0.4648995101451874,GGATTCCGCTATACCC-1,6/TH,3
-0.4648995101451874,GGATTTCACTTCTATA-1,3/CA3,3
-0.4648995101451874,GGCAAATTACTTTACT-1,3/CA3,3
-0.5616368651390076,GGCAAGCCAGGGATAG-1,7/cpd,3
0.0,GGCAAGGCGAAATAGC-1,11/fxs,4
-0.4648995101451874,GGCAATAGTCAATGAG-1,0/HYL,3
-1.026536375284195,GGCACTCCACTGGGCA-1,3/CA3,2
0.32312044501304626,GGCAGCAAACCTATGC-1,"9/II,III,IV",4
-0.4648995101451874,GGCAGCGGTAATCCTA-1,0/HYL,3
-0.4648995101451874,GGCATACAGGTAGCGG-1,2/VL,3
1.6238176325956983,GGCATATCGGTTCTGC-1,0/HYL,5
-0.5616368651390076,GGCATCAACGAGCACG-1,1/MB,3
2.8986263076464334,GGCCACAAGCGATGGC-1,1/MB,6
-0.5616368651390076,GGCCCAATCTAGAGGG-1,12/cingulum bundle,3
0.5149243970712025,GGCCCAGTTATCAGCA-1,12/cingulum bundle,4
-1.026536375284195,GGCCCGGAGCATGTCT-1,"4/V,VIa,VIb",2
-0.4648995101451874,GGCCCGTATACCATGC-1,7/cpd,3
-0.4648995101451874,GGCCCTCACCCACTTA-1,2/VL,3
-1.026536375284195,GGCCTTTGCAACTGGC-1,10/I,2
0.0,GGCGAAATCTAACTTG-1,11/fxs,4
0.0,GGCGAACCGTTCTGAT-1,7/cpd,4
-0.4648995101451874,GGCGCAGGACATCTTC-1,2/VL,3
-0.4648995101451874,GGCGCATGAATTGATG-1,3/CA3,3
-0.4648995101451874,GGCGCGGAGATCTTTC-1,10/I,3
-0.4648995101451874,GGCGCGTTCGAGTTTA-1,11/fxs,3
0.0,GGCGGAGTAATATTAG-1,3/CA3,4
-0.4648995101451874,GGCGGTAGGATCATTG-1,0/HYL,3
-0.5616368651390076,GGCGTACCCTATATAA-1,1/MB,3
-0.4648995101451874,GGCGTCCTATCCGCTG-1,2/VL,3
-0.4648995101451874,GGCTAAAGGGCGGGTC-1,8/CA1,3
2.4443883101145425,GGCTAATGATTGAAAT-1,12/cingulum bundle,6
0.0,GGCTATTAAGTTGTAT-1,3/CA3,4
-0.4648995101451874,GGCTCGCGTTGAGGTA-1,15/DG,3
-1.026536375284195,GGCTCGTGCCACCAGC-1,7/cpd,2
-0.4648995101451874,GGCTCTGCTCCAACGC-1,6/TH,3
-0.4648995101451874,GGCTGAAATAGCAAAG-1,"4/V,VIa,VIb",3
0.9329951802889508,GGCTGAGCATCGTAAG-1,0/HYL,4
1.3193503816922505,GGCTGGCTAGCTTAAA-1,1/MB,5
-0.5616368651390076,GGGAACCACCTGTTTC-1,1/MB,3
0.0,GGGAACGGGAGGTTAG-1,2/VL,4
0.0,GGGAATGAGCCCTCAC-1,8/CA1,4
3.0090178648630777,GGGACCCGTATATCTT-1,10/I,7
-0.4648995101451874,GGGACTGCATAGATAG-1,3/CA3,3
-0.4648995101451874,GGGAGAACTCACAGTA-1,0/HYL,3
-0.4648995101451874,GGGAGGATGCCCGAAA-1,3/CA3,3
-0.5616368651390076,GGGAGTAATGGCTGGC-1,0/HYL,3
-0.4648995101451874,GGGAGTTAATGAGGCG-1,3/CA3,3
0.0,GGGATCCCAATACAAA-1,7/cpd,4
0.1956108113129933,GGGATGGTCGTAACCG-1,5/PIR,4
-0.4648995101451874,GGGATTTACCGCACCT-1,13/CA1-pyramidal layer of the hippocampus,3
0.0,GGGCCCGTCTTAAACA-1,2/VL,4
-0.1825324346621832,GGGCCCTACGAAAGGG-1,2/VL,3
0.0,GGGCCGGCCGAAGTAC-1,8/CA1,4
-0.4648995101451874,GGGCCTATTTAAGTAT-1,7/cpd,3
-0.4648995101451874,GGGCGATATGTGTGAA-1,0/HYL,3
-0.4648995101451874,GGGCGCAGCGTTACTC-1,"4/V,VIa,VIb",3
-1.026536375284195,GGGCGGCAAATGAATT-1,5/PIR,2
-0.4648995101451874,GGGCGGGTTCCCTACG-1,2/VL,3
3.0211813251177477,GGGCGGTCCTATTGTC-1,1/MB,7
-0.4648995101451874,GGGCGTACATTTATAT-1,0/HYL,3
-1.026536375284195,GGGCGTCACCACGTAA-1,5/PIR,2
-1.026536375284195,GGGCGTCCACTGGCTC-1,0/HYL,2
-0.4648995101451874,GGGCTCATCGAACCCA-1,6/TH,3
-0.4648995101451874,GGGCTGCCTAGGGCGA-1,3/CA3,3
0.0,GGGCTGGTTAGTCGCG-1,3/CA3,4
3.2164537707964582,GGGTAATGCTGTGTTT-1,14/HY,7
4.727282822132112,GGGTACCCACGGTCCT-1,1/MB,8
0.0,GGGTACTTCATGAACT-1,2/VL,4
-0.4648995101451874,GGGTATGTATGCACTT-1,2/VL,3
0.9610935747623444,GGGTCACCGTGACGGT-1,3/CA3,4
0.0,GGGTCACGTGCTTATG-1,1/MB,4
-0.4648995101451874,GGGTCGTGGCAAGTGT-1,8/CA1,3
-0.4648995101451874,GGGTGACACCTTAACT-1,2/VL,3
-0.4648995101451874,GGGTGCATATGAAAGC-1,13/CA1-pyramidal layer of the hippocampus,3
2.7764461636543274,GGGTGGTCCAGCCTGT-1,1/MB,6
2.8315302828947697,GGGTGTTTCAGCTATG-1,6/TH,6
-1.026536375284195,GGGTTAACATTTGAGT-1,5/PIR,2
0.14901793996493018,GGGTTTAGGATAGGAT-1,"4/V,VIa,VIb",4
-0.4648995101451874,GGGTTTCCGGCTTCCA-1,14/HY,3
-0.4648995101451874,GGTAAATGTGCGTTAC-1,0/HYL,3
1.2917449275652568,GGTAACTATGTATCTG-1,0/HYL,5
-0.4648995101451874,GGTACAAACATGCTAT-1,3/CA3,3
-1.026536375284195,GGTACACCAGATTTAT-1,13/CA1-pyramidal layer of the hippocampus,2
0.012637416521708134,GGTACATCTGGGACGA-1,2/VL,4
0.0,GGTACCATTAAGACGG-1,8/CA1,4
0.4291085402170817,GGTAGAAGACCGCCTG-1,"4/V,VIa,VIb",4
1.1584678391615548,GGTAGACCGTTGGGCG-1,5/PIR,5
-0.4648995101451874,GGTAGTGCTCGCACCA-1,3/CA3,3
-0.4648995101451874,GGTATAGTGACACATA-1,11/fxs,3
-1.026536375284195,GGTATCAAGCATAGAA-1,14/HY,2
-0.4648995101451874,GGTATTGCCGAGTTTA-1,3/CA3,3
1.4224142531553905,GGTCAAGACTACTTCG-1,"9/II,III,IV",5
0.8022478620211284,GGTCACGTTAGATTCA-1,1/MB,4
0.2937091688315073,GGTCAGTGGGTCCCAC-1,"4/V,VIa,VIb",4
0.0,GGTCATTGTAGTCATA-1,7/cpd,4
-1.026536375284195,GGTCGGATAAACGGCG-1,8/CA1,2
-0.4648995101451874,GGTCGGCCAGGAGCTT-1,3/CA3,3
0.9202773372332256,GGTCGGTAATTAGACA-1,1/MB,4
0.4477259457111359,GGTCGGTCGTCCACAG-1,10/I,4
1.613566199938456,GGTCGTAAGCTCGCAC-1,10/I,5
-1.026536375284195,GGTCTCTGAATGGACT-1,10/I,2
-0.4648995101451874,GGTCTGAGAATCTGGA-1,0/HYL,3
-1.026536375284195,GGTGAAACCGGGAATG-1,1/MB,2
-0.5616368651390076,GGTGAACGGGCTAGCC-1,1/MB,3
-1.026536375284195,GGTGAAGTACAGGGAT-1,5/PIR,2
6.216870506604513,GGTGAGATGCAGATAA-1,1/MB,10
-0.4648995101451874,GGTGATAAGGAGCAGT-1,8/CA1,3
-0.5616368651390076,GGTGATTTCATCTTGT-1,0/HYL,3
-1.026536375284195,GGTGCAGAGCCTATCG-1,0/HYL,2
-1.026536375284195,GGTGCGGATAAGTGGC-1,0/HYL,2
-0.4648995101451874,GGTGCTGATCACAAAG-1,2/VL,3
1.4563943346341452,GGTGGACCACGTGTTA-1,0/HYL,5
-1.026536375284195,GGTGGACTGCTCTGGC-1,"9/II,III,IV",2
0.16720751921335852,GGTGGAGGTTGATACG-1,"9/II,III,IV",4
-0.4648995101451874,GGTGTTCTGTTTCTAC-1,1/MB,3
-1.026536375284195,GGTTACCACCCTCGGG-1,5/PIR,2
-1.026536375284195,GGTTACCCGACACTTT-1,"4/V,VIa,VIb",2
1.3118108014265697,GGTTAGCTATATGTCT-1,"4/V,VIa,VIb",5
-1.026536375284195,GGTTAGTTACGGCGCC-1,2/VL,2
-0.4648995101451874,GGTTCCACCCGCTTCT-1,0/HYL,3
2.981455743312836,GGTTCCCTAGTGTCTC-1,12/cingulum bundle,6
-0.5616368651390076,GGTTCGGATTATACTA-1,10/I,3
-0.4648995101451874,GGTTCTACTCGTCTGA-1,11/fxs,3
-0.5616368651390076,GGTTGTATCGTGAAAT-1,1/MB,3
0.6824255585670471,GGTTGTGTAGCCTGGC-1,2/VL,4
-0.5616368651390076,GGTTTAATTGAGCAGG-1,13/CA1-pyramidal layer of the hippocampus,3
-0.4648995101451874,GGTTTACAATCTCAAT-1,6/TH,3
-1.026536375284195,GGTTTAGCCTTTCTTG-1,"4/V,VIa,VIb",2
-0.4648995101451874,GGTTTCAATCGGTCAG-1,8/CA1,3
-1.026536375284195,GGTTTGACAAGAAGCT-1,12/cingulum bundle,2
-0.5616368651390076,GGTTTGAGTGCTGGAA-1,0/HYL,3
0.0,GGTTTGCGAACACGTA-1,7/cpd,4
0.7804980973402658,GTAACAACTGACCTTG-1,12/cingulum bundle,4
-0.5616368651390076,GTAACTTGCGGCAGTC-1,0/HYL,3
-0.4648995101451874,GTAAGCGGGCAGTCAG-1,0/HYL,3
-0.4648995101451874,GTAAGGATTTGTCGGA-1,6/TH,3
0.0,GTAAGTAACAGTCTGG-1,8/CA1,4
0.0,GTAAGTAGGGTATACC-1,3/CA3,4
0.20965720216433206,GTAAGTCCACACTCTA-1,"9/II,III,IV",4
0.0,GTAATAAAGGGCTCCC-1,8/CA1,4
-0.4648995101451874,GTAATCTGATTCTTCG-1,5/PIR,3
-1.026536375284195,GTACACTTACCTGAAG-1,3/CA3,2
0.0,GTACAGAGGCAAGGGT-1,8/CA1,4
0.8536373575528462,GTACGACGGCGCTGCG-1,1/MB,4
-1.026536375284195,GTACGAGATTGCGACA-1,0/HYL,2
-1.026536375284195,GTACGCTTCATTGCAC-1,11/fxs,2
-0.4648995101451874,GTACGTCACGTATTAA-1,0/HYL,3
-0.4648995101451874,GTACGTTTGCCCGTCA-1,3/CA3,3
0.0,GTACTAAGATTTGGAG-1,7/cpd,4
-0.4648995101451874,GTACTCCCTTATCGCT-1,2/VL,3
0.0,GTACTCCTGGGTATGC-1,15/DG,4
2.447054445743561,GTACTGAGGTCGTAAC-1,0/HYL,6
-0.5616368651390076,GTACTGCATGAAGCGT-1,0/HYL,3
-0.4648995101451874,GTACTGGAGTTAGACC-1,3/CA3,3
-0.5616368651390076,GTACTTGGGCACTTCT-1,7/cpd,3
0.6505296428998311,GTAGACAACCGATGAA-1,1/MB,4
2.637236575285593,GTAGACGTCGTTACAT-1,1/MB,6
0.0,GTAGAGGGAGACAAGT-1,10/I,4
-1.026536375284195,GTAGCCAAACATGGGA-1,"4/V,VIa,VIb",2
-0.5616368651390076,GTAGCGCTGTTGTAGT-1,1/MB,3
-0.4648995101451874,GTAGCGGCTATACACT-1,3/CA3,3
-0.5616368651390076,GTAGCTAGTAAGCGCG-1,1/MB,3
-0.4648995101451874,GTAGCTTCCTCTTGTT-1,3/CA3,3
-0.4648995101451874,GTAGGTGATCCGTGTA-1,6/TH,3
1.0116887787977855,GTAGTCGCGGGAATCA-1,"4/V,VIa,VIb",5
-0.4648995101451874,GTAGTTAGACAATATA-1,12/cingulum bundle,3
-0.4648995101451874,GTATAGGACTCAGTAG-1,0/HYL,3
-0.4648995101451874,GTATAGTGGCCCATGT-1,1/MB,3
5.322396059830983,GTATATGTTACGGCGG-1,14/HY,9
-1.026536375284195,GTATCAAACGTTAGCT-1,"9/II,III,IV",2
0.0,GTATCAGCTTGGGTTC-1,7/cpd,4
-1.026536375284195,GTATCGGGACGAGCTG-1,14/HY,2
0.0,GTATCTTTCATAACCA-1,11/fxs,4
3.9684773484865823,GTATGACGTGGGAAAC-1,1/MB,7
0.0,GTATGTGGGTCTAGTT-1,8/CA1,4
0.923450122276942,GTATTAAGGCGTCTAA-1,2/VL,4
-1.026536375284195,GTATTAGGGTTCGCGT-1,0/HYL,2
1.0328099528948471,GTATTCTGAGAAACGA-1,5/PIR,5
3.580161154270172,GTATTCTTACCGTGCT-1,14/HY,7
-0.5616368651390076,GTCAAAGTTTACATAG-1,1/MB,3
0.0,GTCAAGCGGACTCGGG-1,8/CA1,4
0.0,GTCAATGCTATAATTT-1,7/cpd,4
3.3401109973589582,GTCAATTGTACTGAAG-1,1/MB,7
-1.026536375284195,GTCACAAAGTTTCCAA-1,0/HYL,2
3.5150609016418457,GTCACCTGTCTATGTC-1,1/MB,7
-1.026536375284195,GTCACTCTCCAAATCT-1,2/VL,2
-0.4648995101451874,GTCAGAATAGTCTATG-1,2/VL,3
-1.026536375284195,GTCAGTTGTGCTCGTT-1,6/TH,2
-0.4648995101451874,GTCAGTTTGGTAGTCG-1,10/I,3
-0.4648995101451874,GTCATGCACCTCCGTT-1,0/HYL,3
-0.4648995101451874,GTCATGGACATGACTA-1,0/HYL,3
-0.4648995101451874,GTCATTAGAGCGAACG-1,3/CA3,3
1.0112682332595189,GTCATTGCATTGACCC-1,2/VL,5
-0.4648995101451874,GTCCATTACTGCTACG-1,"4/V,VIa,VIb",3
-0.4648995101451874,GTCCCAACGTAAAGTA-1,3/CA3,3
2.8283710479736333,GTCCCGCGACGTTATG-1,10/I,6
0.36345227559407545,GTCCGGACCTGAAATT-1,"9/II,III,IV",4
-0.4648995101451874,GTCCGGCTGAATTGCG-1,7/cpd,3
2.9176359077294665,GTCCTACGAATAGTCT-1,"9/II,III,IV",6
-0.4648995101451874,GTCCTTCTAGTGGGTT-1,0/HYL,3
3.212575376033783,GTCCTTTAATGACTTC-1,0/HYL,7
-0.4648995101451874,GTCGCGTAACCCGTTG-1,8/CA1,3
0.8526015977064769,GTCGGAAGGATACCAG-1,7/cpd,4
0.0,GTCGGATATCTCAGAC-1,2/VL,4
-0.4648995101451874,GTCGGATGTAGCGCGC-1,6/TH,3
0.0,GTCGTACCTACGATTG-1,2/VL,4
-0.4648995101451874,GTCGTATTGGCGTACA-1,0/HYL,3
1.4934563438097634,GTCGTCAATTATAAGG-1,0/HYL,5
-0.4648995101451874,GTCGTCTGGTTGGCTA-1,"4/V,VIa,VIb",3
0.0,GTCGTGTCTGGTCATC-1,7/cpd,4
-0.4648995101451874,GTCGTTATTCGCTTAT-1,11/fxs,3
-0.4648995101451874,GTCTAAGATGCCCAGC-1,12/cingulum bundle,3
0.8488419651985168,GTCTACTCAATTACAA-1,5/PIR,4
0.0,GTCTATCTGAGTTTCT-1,2/VL,4
2.2406425277392072,GTCTATTGGTTCCGGT-1,"4/V,VIa,VIb",6
0.0,GTCTCGACTAAGTTTG-1,8/CA1,4
-0.4648995101451874,GTCTCGATCTGCTTTC-1,6/TH,3
-1.026536375284195,GTCTGGGCGGTCGAGA-1,5/PIR,2
-0.4648995101451874,GTCTTAGTACAGCCGG-1,6/TH,3
2.6293630997339883,GTCTTGAGGAGCAGTG-1,"4/V,VIa,VIb",6
-0.5616368651390076,GTCTTGTAGCTATTCA-1,"4/V,VIa,VIb",3
-0.4648995101451874,GTGAAACGGCGCCACC-1,6/TH,3
-0.5616368651390076,GTGAAACGTGCTCCAC-1,1/MB,3
0.0,GTGAACTCCCATTCGA-1,8/CA1,4
-0.4648995101451874,GTGAAGATTTCAAGTG-1,15/DG,3
0.0,GTGAAGCCGTATAGTC-1,8/CA1,4
0.0,GTGACCGCACACTACG-1,8/CA1,4
-1.026536375284195,GTGACCTAAAGAATAA-1,"4/V,VIa,VIb",2
-0.4648995101451874,GTGACGAGGGTGACCC-1,11/fxs,3
0.044821927944819095,GTGACTTCAGTAGTGC-1,5/PIR,4
0.0,GTGAGCGTGCTGCACT-1,2/VL,4
0.0,GTGAGGACACTTAAGG-1,8/CA1,4
-0.4648995101451874,GTGAGGAGCGGTTGAG-1,0/HYL,3
2.408054490884145,GTGAGTGGTACAACGC-1,5/PIR,6
4.828167835871379,GTGATCACTAACGCCT-1,"4/V,VIa,VIb",8
-1.026536375284195,GTGATGCACAACATCT-1,0/HYL,2
-1.026536375284195,GTGATTCGCCGCTCAA-1,5/PIR,2
0.7210716704527538,GTGCAACAAATGTGGC-1,6/TH,4
-0.4648995101451874,GTGCACGAAAGTGACT-1,6/TH,3
0.0,GTGCCATCACACGGTG-1,2/VL,4
0.0,GTGCCCGTTCGGATTC-1,8/CA1,4
0.8257439533869425,GTGCCGCTTCAAAGGT-1,5/PIR,4
-0.4648995101451874,GTGCCTCAGTGTACGG-1,0/HYL,3
-1.026536375284195,GTGCGAAATCGAACAC-1,5/PIR,2
0.0,GTGCGACAGGGAGTGT-1,13/CA1-pyramidal layer of the hippocampus,4
4.582168787717818,GTGCGCAGCTTGCTCC-1,1/MB,8
-0.5616368651390076,GTGCGGGACCATCGGC-1,1/MB,3
0.0,GTGCGGGTCTCCAAAT-1,0/HYL,4
-0.5616368651390076,GTGCGTGTATATGAGC-1,8/CA1,3
-0.4648995101451874,GTGCTCAAGTACTGTC-1,3/CA3,3
-1.026536375284195,GTGCTGCAGATAAGGA-1,10/I,2
0.8863850235939026,GTGCTTACATCAGCGC-1,"9/II,III,IV",4
-0.4648995101451874,GTGGAACCTACATGCG-1,0/HYL,3
-0.4648995101451874,GTGGACCAACCCGATT-1,5/PIR,3
-1.026536375284195,GTGGACGCATTTGTCC-1,10/I,2
1.8516685763994851,GTGGACGTGCTGAGAC-1,1/MB,5
1.2464038332303364,GTGGAGCATGTCGGCC-1,"9/II,III,IV",5
-1.026536375284195,GTGGAGTCGGCGGTTG-1,10/I,2
2.2841711640357967,GTGGCGGGCCGTAGCT-1,1/MB,6
-0.4648995101451874,GTGGCGGTCCCAGCGT-1,2/VL,3
0.7261836330095927,GTGGGAAGACTGAATC-1,5/PIR,4
-0.4648995101451874,GTGGGCTTAGACACAC-1,3/CA3,3
0.5200625956058502,GTGGGTCTTCTTTGCG-1,14/HY,4
-0.4648995101451874,GTGGTCAGCGAAGTAT-1,0/HYL,3
-0.4648995101451874,GTGGTGGCCAAGTGAA-1,11/fxs,3
0.0,GTGGTTACTTCTTTCG-1,8/CA1,4
0.0,GTGGTTTCCGCCTTTC-1,2/VL,4
-0.4648995101451874,GTGTACCTTGGCTACG-1,6/TH,3
0.7402099072933197,GTGTACGAACCGTTCC-1,"9/II,III,IV",4
0.5627330243587494,GTGTATATCAGCGGGC-1,10/I,4
1.9649729530016584,GTGTATGACTTTAAAG-1,1/MB,5
-1.026536375284195,GTGTCCGATAAGGCAT-1,0/HYL,2
-1.026536375284195,GTGTCGTATAGCGTTC-1,"4/V,VIa,VIb",2
1.0827217002709706,GTGTCGTATTCACCTT-1,12/cingulum bundle,5
-0.4648995101451874,GTGTGAATAACTTAGG-1,3/CA3,3
1.4874739448229468,GTGTGAGCCGAGGTGC-1,1/MB,5
0.0,GTGTTACTATGCGTCC-1,8/CA1,4
0.7892801264921825,GTTAAAGTAGGACTGG-1,"4/V,VIa,VIb",4
0.04509726663430525,GTTAACATCACTTAAA-1,"9/II,III,IV",4
-0.4648995101451874,GTTAACTATGTTGTCA-1,"4/V,VIa,VIb",3
-0.4648995101451874,GTTAAGTTAGAGTGGG-1,"4/V,VIa,VIb",3
0.0,GTTAATGTCTATCTTA-1,10/I,4
0.0,GTTACAATTGGTGACG-1,2/VL,4
-1.026536375284195,GTTACCTACAACTTGC-1,11/fxs,2
-0.5616368651390076,GTTACGAAATCCACGC-1,1/MB,3
2.8066730300585427,GTTACGGCCCGACTGC-1,1/MB,6
1.4382461905479431,GTTAGAGTGTGCCGCT-1,1/MB,5
0.0,GTTAGCCGTAAATCAA-1,13/CA1-pyramidal layer of the hippocampus,4
-0.4648995101451874,GTTATAATACGGTGAA-1,10/I,3
0.0,GTTATATCAGGAGCCA-1,13/CA1-pyramidal layer of the hippocampus,4
-0.4648995101451874,GTTATATTATCTCCCT-1,5/PIR,3
-1.026536375284195,GTTATCACCTTCTGAA-1,0/HYL,2
0.5535759131113689,GTTATTAAATACGACC-1,1/MB,4
1.1924958030382793,GTTCAATCTATGTCAA-1,1/MB,5
-0.5616368651390076,GTTCACAGGAGTCTAG-1,2/VL,3
0.0,GTTCATCGTTTGGCTG-1,8/CA1,4
3.1061928073565164,GTTCCAAGACAGCGAC-1,1/MB,7
0.0,GTTCCAGTCTGACCAT-1,0/HYL,4
-0.5616368651390076,GTTCGCCATAAGTGCC-1,3/CA3,3
-1.026536375284195,GTTCGGATCGGGAACA-1,"4/V,VIa,VIb",2
0.0,GTTCGGGCGTACCATT-1,13/CA1-pyramidal layer of the hippocampus,4
0.9778460065523782,GTTCGTCTAAAGAACT-1,"4/V,VIa,VIb",4
-0.4648995101451874,GTTCGTCTGGGTCCCT-1,12/cingulum bundle,3
-0.5616368651390076,GTTCGTTGCGGACCAG-1,1/MB,3
0.8391878108183544,GTTCTTCCCTCGATGT-1,0/HYL,4
-0.4648995101451874,GTTGAACCGGTTCCAT-1,2/VL,3
0.7028206586837769,GTTGAGTCCCGCCGGT-1,"4/V,VIa,VIb",4
0.0,GTTGCACGGAGTTTCG-1,7/cpd,4
1.6357459823290506,GTTGCGCTAACATTAC-1,"9/II,III,IV",5
-1.026536375284195,GTTGGACCGCATCAGG-1,12/cingulum bundle,2
-0.4648995101451874,GTTGGATTCAGTGGCT-1,0/HYL,3
-0.4648995101451874,GTTGGATTGAGAACAC-1,3/CA3,3
-0.4648995101451874,GTTGGATTTGCGTTGG-1,3/CA3,3
0.12946716944376624,GTTGGTCATGCTATCC-1,10/I,4
-0.4648995101451874,GTTGTCGTGTTAGTTG-1,0/HYL,3
-1.026536375284195,GTTGTTACATTGCGCT-1,12/cingulum bundle,2
1.3176621794700625,GTTTACGTTCCATCTG-1,"4/V,VIa,VIb",5
0.0,GTTTCATATCGTCGCT-1,2/VL,4
0.0,GTTTCCTGGAGGGTGA-1,7/cpd,4
-0.4648995101451874,GTTTCTGCAGTCTCCC-1,8/CA1,3
0.0,GTTTGACCAAATCCTA-1,7/cpd,4
0.0,GTTTGGCCCAAGTTAT-1,13/CA1-pyramidal layer of the hippocampus,4
-0.5616368651390076,GTTTGGCCGCTCAGCG-1,1/MB,3
1.7137661576271055,GTTTGGGCTTGTGAGC-1,"4/V,VIa,VIb",5
3.349335732559364,GTTTGGTAGGGTCAAC-1,5/PIR,7
-0.4648995101451874,TAAACCCAGGAGGGCA-1,10/I,3
1.6163373589515686,TAAAGACAACCCTTTA-1,"4/V,VIa,VIb",5
3.0875117580095925,TAAAGAGCCCGAAACC-1,0/HYL,7
-0.4648995101451874,TAAAGCGTTAGGAGAA-1,3/CA3,3
-0.4648995101451874,TAAAGCTGCAATAGGG-1,0/HYL,3
-0.4648995101451874,TAAATCTTTACACCTC-1,7/cpd,3
-1.026536375284195,TAAATGAATCCGTTTC-1,2/VL,2
1.9719659884770708,TAAATGCCGTCTCATG-1,0/HYL,5
0.0,TAACAAAGGGAGAAGC-1,7/cpd,4
-0.4648995101451874,TAACAATATTTGTTGC-1,2/VL,3
-0.4648995101451874,TAACATACAATGTGGG-1,3/CA3,3
-1.026536375284195,TAACCGCCCGCAGTGC-1,0/HYL,2
-0.4648995101451874,TAACCGTCCAGTTCAT-1,14/HY,3
0.0,TAACCTACCGTCCGAG-1,8/CA1,4
0.0,TAACGCTTTGAGAGCG-1,2/VL,4
-1.026536375284195,TAACTATCGAAGGTCC-1,11/fxs,2
0.0,TAACTATTACGCCAAA-1,8/CA1,4
0.0,TAACTCATCCGCGCGG-1,2/VL,4
0.23581848541895545,TAACTCCATGGAGGCT-1,2/VL,4
2.964953362941742,TAAGATTTAGCGGGAG-1,1/MB,6
1.6527586380640666,TAAGCAGGCGACACGC-1,2/VL,5
-0.4648995101451874,TAAGCCCTTACGACCA-1,7/cpd,3
1.433575302362442,TAAGGAACTTGTGGGA-1,1/MB,5
-0.4648995101451874,TAAGGCAACATAAGAT-1,7/cpd,3
-1.026536375284195,TAAGGCTGAATCCCTC-1,"4/V,VIa,VIb",2
0.0,TAAGGGCCTGTCCGAT-1,10/I,4
-1.026536375284195,TAAGGGCTGGGAGAGG-1,2/VL,2
-0.4648995101451874,TAAGTAAATGTGCCGC-1,0/HYL,3
-1.026536375284195,TAAGTAACATCTTGAC-1,5/PIR,2
-1.026536375284195,TAAGTTGCGACGTAGG-1,"9/II,III,IV",2
-0.4648995101451874,TAATAAACAAGGAGAT-1,0/HYL,3
-0.4648995101451874,TAATACACAGTAGTAT-1,6/TH,3
0.05515952905019117,TAATAGAACAGAGTTA-1,5/PIR,4
-0.4648995101451874,TAATAGCTAAATGATG-1,"4/V,VIa,VIb",3
-0.4648995101451874,TAATAGTGACGACCAG-1,6/TH,3
-0.5616368651390076,TAATATTGAAATTCGC-1,0/HYL,3
-0.4648995101451874,TAATCGATCCGTACGT-1,3/CA3,3
0.0,TAATGAAAGACCCTTG-1,2/VL,4
3.3190400401751203,TAATTAGATGGATATG-1,1/MB,7
-0.4648995101451874,TAATTAGGACATCCGT-1,"4/V,VIa,VIb",3
0.0,TAATTGGAATCGGGAA-1,8/CA1,4
-0.5616368651390076,TACAAATTGCGGAGGT-1,1/MB,3
-0.4648995101451874,TACAACGCACAACTCA-1,2/VL,3
-0.5616368651390076,TACAAGCTGTTCACTG-1,1/MB,3
-0.4648995101451874,TACAAGTCTCGTGCAT-1,2/VL,3
-0.5616368651390076,TACAATGAAACCAGCA-1,1/MB,3
0.0,TACACCGTCGTTAGTC-1,13/CA1-pyramidal layer of the hippocampus,4
0.3329251209894816,TACATAGGCATACACC-1,3/CA3,4
-1.026536375284195,TACATCCCTATCCCTG-1,5/PIR,2
-0.4648995101451874,TACATTTCTAACGTGC-1,3/CA3,3
2.9239032864570618,TACCAATAAAGTACCA-1,"9/II,III,IV",6
-1.026536375284195,TACCAGAAGTAGGTTC-1,5/PIR,2
-1.026536375284195,TACCAGCTAGGTTTAA-1,6/TH,2
0.0,TACCGCGGACTTGCAG-1,8/CA1,4
-1.026536375284195,TACCGGCTCACTGCCC-1,11/fxs,2
-1.026536375284195,TACCGGTCGTTTCCAT-1,5/PIR,2
4.593754117687543,TACCGTGCCTCGGACC-1,"4/V,VIa,VIb",8
0.0,TACCTCACGCTTGTAC-1,0/HYL,4
-0.4648995101451874,TACCTGCTGCACTGTG-1,2/VL,3
1.5936314215262732,TACCTTAAGATTTCCC-1,5/PIR,5
0.0,TACGAACACGACTTCA-1,3/CA3,4
-0.4648995101451874,TACGACGCTTGCTGCG-1,2/VL,3
0.0,TACGACTGCCTCTTAG-1,3/CA3,4
-0.4648995101451874,TACGATGTTGATCATC-1,2/VL,3
-0.4648995101451874,TACGCAGTTCTTTCCT-1,2/VL,3
-0.4648995101451874,TACGCCATATTCTAAT-1,3/CA3,3
-1.026536375284195,TACGCCTCCATTCCGA-1,5/PIR,2
0.0,TACGCTATAGAAACCT-1,13/CA1-pyramidal layer of the hippocampus,4
-0.4648995101451874,TACGGGATGCTAGCAG-1,6/TH,3
3.116073673963547,TACGTGCAAGGTTCCT-1,"9/II,III,IV",7
-0.4648995101451874,TACGTGCACTATGCTG-1,7/cpd,3
0.6253114740053812,TACGTTTACCGGCAAT-1,2/VL,4
-1.026536375284195,TACTCGGCACGCCGGG-1,2/VL,2
-0.4648995101451874,TACTCTCCGAACAAAT-1,6/TH,3
0.21671439210573828,TACTGCAATCAATTAC-1,15/DG,4
-0.4648995101451874,TACTGGACAGCTCGGC-1,2/VL,3
-1.026536375284195,TACTGTTTCTCTGGTA-1,"9/II,III,IV",2
-0.4648995101451874,TACTTGTTAGTAGTCC-1,8/CA1,3
-0.4648995101451874,TACTTTACTGAGCCGG-1,15/DG,3
-0.4648995101451874,TACTTTCCGCACGCCA-1,5/PIR,3
1.6032107869784036,TAGAAACCACTAAGTA-1,1/MB,5
-0.4648995101451874,TAGAAAGGTGGCGCTA-1,3/CA3,3
-1.026536375284195,TAGAAATTCACGTATA-1,5/PIR,2
-1.026536375284195,TAGAATTAAGGGCAAC-1,6/TH,2
-0.4648995101451874,TAGACGCCCGTACCGG-1,8/CA1,3
-0.4648995101451874,TAGACTACCTAGCGTT-1,11/fxs,3
0.5040151675542195,TAGAGATCATGCAACT-1,5/PIR,4
-0.5616368651390076,TAGAGCTACGAAGAAC-1,0/HYL,3
0.3768444557984669,TAGAGGTTCTACTTGT-1,"9/II,III,IV",4
0.0,TAGAGTCTAAGCGAAC-1,7/cpd,4
0.3804118732611338,TAGATATGGACTGGAA-1,5/PIR,4
-1.026536375284195,TAGATCCGAAGTCGCA-1,6/TH,2
-1.026536375284195,TAGATTCCTGGTTATT-1,2/VL,2
-0.5616368651390076,TAGCAACCTGTCACAA-1,2/VL,3
-0.5616368651390076,TAGCAGTAAATACGCG-1,12/cingulum bundle,3
0.0,TAGCCATTTCAAAGTC-1,11/fxs,4
-0.4648995101451874,TAGCCGGCGGTCAGCG-1,3/CA3,3
-1.026536375284195,TAGCGTCCCTCGATTG-1,"4/V,VIa,VIb",2
0.3449843227863312,TAGCGTCCGGTGTGGT-1,"4/V,VIa,VIb",4
-0.4648995101451874,TAGCGTTGGGTCTTAC-1,3/CA3,3
0.0,TAGCTAAGTCCGGGAG-1,7/cpd,4
-0.5616368651390076,TAGCTAGAAGGCATGA-1,5/PIR,3
0.9432568748792012,TAGCTCAGATCCTAGT-1,12/cingulum bundle,4
-1.026536375284195,TAGCTCGCCTGATAAC-1,"4/V,VIa,VIb",2
0.0,TAGCTGATGTGAAGCG-1,10/I,4
-1.026536375284195,TAGGAACAGCCTCCAG-1,0/HYL,2
6.273267070452372,TAGGCATGTTACGCCA-1,6/TH,10
0.0,TAGGGAGCTTGGGATG-1,8/CA1,4
-1.026536375284195,TAGGGTGTTTCAAGAG-1,0/HYL,2
0.0,TAGGTCCAAGTAAGGA-1,2/VL,4
0.0,TAGGTCGCCGGAACTG-1,8/CA1,4
-0.4648995101451874,TAGGTGAGCCCTACTC-1,2/VL,3
-0.4648995101451874,TAGGTGCTCGCCTAGC-1,8/CA1,3
-0.4648995101451874,TAGGTTCGAGTTCGTC-1,3/CA3,3
2.2530134558677672,TAGTACCTTAGTGGTC-1,2/VL,6
-0.4648995101451874,TAGTCCGCAGAGAATG-1,3/CA3,3
-1.026536375284195,TAGTCGATCACGGGTT-1,"4/V,VIa,VIb",2
-0.4648995101451874,TAGTCTAACAACGAGA-1,2/VL,3
-1.026536375284195,TAGTCTGTGACGTTGC-1,15/DG,2
0.9000613888104756,TAGTGAGAAGTGGTTG-1,1/MB,4
-0.4648995101451874,TAGTGCCCTCCAGAGT-1,3/CA3,3
-1.026536375284195,TAGTGGAACTCATACA-1,1/MB,2
-1.026536375284195,TAGTGTCAGAAACGGC-1,10/I,2
-0.4648995101451874,TAGTTAAGATAGGATA-1,0/HYL,3
-0.5616368651390076,TAGTTTATTCTTGCTT-1,7/cpd,3
-1.026536375284195,TATAAATCCACAAGCT-1,1/MB,2
0.0,TATAAGTGAGGATAGC-1,7/cpd,4
0.10076424976189924,TATACACAGACGCCTT-1,"4/V,VIa,VIb",4
0.0,TATACACGCAAAGTAT-1,7/cpd,4
-0.4648995101451874,TATAGATGGTCGCAGT-1,11/fxs,3
-1.026536375284195,TATAGGGTACTCATGA-1,2/VL,2
0.0,TATATCCCTGGGAGGA-1,8/CA1,4
-0.4648995101451874,TATATTACAAATGTCG-1,8/CA1,3
-0.4648995101451874,TATATTCGCGTCGATA-1,1/MB,3
0.9266365269819894,TATCACAGCACGGGCA-1,1/MB,4
-0.4648995101451874,TATCACCATGTAAAGT-1,0/HYL,3
-1.026536375284195,TATCACCCAACCGACC-1,15/DG,2
-0.4648995101451874,TATCACTTCGAGTAAC-1,0/HYL,3
0.7521388530731201,TATCCAATTGGTTATC-1,"9/II,III,IV",4
0.0,TATCCATATCATGCGA-1,0/HYL,4
0.0,TATCCTGCATGGGAAT-1,0/HYL,4
-0.4648995101451874,TATCGATCTATGCATA-1,6/TH,3
0.0,TATCGATGATTAAACG-1,7/cpd,4
-0.4648995101451874,TATCTACAGAGGTAAT-1,2/VL,3
-0.4648995101451874,TATCTACCACAGCGGG-1,3/CA3,3
-1.026536375284195,TATCTAGCCTAAAGGA-1,5/PIR,2
-0.4648995101451874,TATGAAGACAGGTGCG-1,2/VL,3
-1.026536375284195,TATGATAAATCTAACG-1,0/HYL,2
0.0,TATGATCCGGCACGCC-1,8/CA1,4
0.5186005135377247,TATGATCTTCTCTTTA-1,10/I,4
2.2620520889759064,TATGATTCTGCTTGGT-1,1/MB,6
-0.4648995101451874,TATGCTCCCTACTTAC-1,0/HYL,3
2.6749846140543623,TATGGAGTTTCTCGTT-1,1/MB,6
0.0,TATGGATGTGCTACGC-1,7/cpd,4
0.7573331197102864,TATGGCAGACTTTCGA-1,14/HY,4
-0.4648995101451874,TATGGCCCGGCCTCGC-1,2/VL,3
-0.4648995101451874,TATGGCTAGGCTAATT-1,"4/V,VIa,VIb",3
-0.5616368651390076,TATGGGACCGAGCAGG-1,3/CA3,3
-0.4648995101451874,TATGGGTACGTATCGT-1,3/CA3,3
0.0,TATGGTCTGAGTAACA-1,3/CA3,4
-0.4648995101451874,TATGGTTAGTGGGAGA-1,11/fxs,3
3.0117723445097604,TATGTCAAGACCGACT-1,6/TH,7
-0.4648995101451874,TATGTCTCATTGTGCC-1,3/CA3,3
0.0,TATTACCATCCTGCTT-1,13/CA1-pyramidal layer of the hippocampus,4
-0.4648995101451874,TATTCAATTCTAATCC-1,3/CA3,3
-0.4648995101451874,TATTCCACTCAGCTCG-1,5/PIR,3
0.343137244383494,TATTCCGAGCTGTTAT-1,"9/II,III,IV",4
-1.026536375284195,TATTCCGGCAGTCCTA-1,1/MB,2
1.4696007668972015,TATTCCTCCGCCCACT-1,5/PIR,5
-0.4648995101451874,TATTCGTGCCAGAATA-1,3/CA3,3
-0.4648995101451874,TATTGACATTTCTGCC-1,"4/V,VIa,VIb",3
0.0,TATTTAGTCTAGATCG-1,0/HYL,4
-0.4648995101451874,TATTTATACCGAGTAG-1,0/HYL,3
0.0,TATTTGTTACCCTTTA-1,7/cpd,4
-0.4648995101451874,TCAAACAACCGCGTCG-1,0/HYL,3
0.0,TCAAACAATTAGGACA-1,0/HYL,4
-0.4648995101451874,TCAAACTTAGATTGTT-1,0/HYL,3
2.8410224715868635,TCAACACATTGGGTAA-1,1/MB,6
-1.026536375284195,TCAACATCGACCGAGA-1,5/PIR,2
0.0,TCAACCATGTTCGGGC-1,7/cpd,4
-0.4648995101451874,TCAACGAGGAGACAAA-1,3/CA3,3
-0.07257457698384923,TCAACGCAGGAAATAA-1,5/PIR,3
-0.4648995101451874,TCAACGCGACCGGCAG-1,2/VL,3
-1.026536375284195,TCAACTAACGTATAAC-1,2/VL,2
-0.4648995101451874,TCAAGAAATACTAGCT-1,13/CA1-pyramidal layer of the hippocampus,3
-1.026536375284195,TCAAGCTGCCTTGAAA-1,"4/V,VIa,VIb",2
-1.026536375284195,TCAAGGTTACTACACC-1,"4/V,VIa,VIb",2
0.7560253143310547,TCACAGATCCTCAAAC-1,14/HY,4
-0.5616368651390076,TCACAGCAAACTCGAA-1,5/PIR,3
-0.4648995101451874,TCACAGGAGAATAAGA-1,5/PIR,3
-0.4648995101451874,TCACAGGGAATCGCAA-1,11/fxs,3
0.0,TCACAGGTTATTGGGC-1,3/CA3,4
-0.4648995101451874,TCACATCTTATCTGAT-1,2/VL,3
0.0,TCACCCTCTTAAGATT-1,2/VL,4
-0.4648995101451874,TCACCGCTCGGCACTC-1,3/CA3,3
-0.5616368651390076,TCACGATGTCCGTGGA-1,10/I,3
-0.4648995101451874,TCACGCATTGTAGATC-1,3/CA3,3
0.0,TCACGGTCATCGCACA-1,7/cpd,4
0.0,TCACGTGCCCGATTCA-1,3/CA3,4
-1.026536375284195,TCACTACGACCAATGC-1,0/HYL,2
-1.026536375284195,TCACTATCGTGCAATC-1,1/MB,2
-0.5616368651390076,TCACTCAGCGCATTAG-1,1/MB,3
-0.4648995101451874,TCACTCGTGCAACGGC-1,0/HYL,3
0.0,TCAGAACCTCCACAGG-1,8/CA1,4
-0.4648995101451874,TCAGACGCTATAGAAG-1,"4/V,VIa,VIb",3
1.652663896481196,TCAGATGGAGACGTAG-1,12/cingulum bundle,5
-0.4648995101451874,TCAGCAAATGCATCTC-1,0/HYL,3
1.6488225062688189,TCAGGGTGCACGAAAC-1,0/HYL,5
-0.4648995101451874,TCAGGGTGTAACGTAA-1,0/HYL,3
-0.4648995101451874,TCAGGTTCTTTGAGAA-1,3/CA3,3
-0.4648995101451874,TCAGTAGGGACTATAA-1,5/PIR,3
1.3209579288959503,TCAGTTACGGAATGAT-1,1/MB,5
-0.5616368651390076,TCATACTTACAGATCC-1,2/VL,3
-0.5616368651390076,TCATCACTCGAGCTCG-1,7/cpd,3
-1.026536375284195,TCATCCCAGAGGGTGG-1,6/TH,2
3.2483944396177926,TCATGCAGGTTCTCAT-1,6/TH,7
1.935265982151032,TCATTCGTATAATTTG-1,0/HYL,5
0.0,TCATTTAAGTCTCCGA-1,8/CA1,4
0.0,TCCAACTTTAAATTCT-1,2/VL,4
-0.4648995101451874,TCCACTTTATCTAGGT-1,3/CA3,3
-0.4648995101451874,TCCAGAGCACCGGTTC-1,3/CA3,3
0.0,TCCAGATGTACGCCAA-1,13/CA1-pyramidal layer of the hippocampus,4
0.0,TCCAGGCGAGTACGGT-1,3/CA3,4
1.4980367422103882,TCCATTAGTTGGATAG-1,1/MB,5
-1.026536375284195,TCCATTCCCACTAGAG-1,7/cpd,2
0.8766956031322479,TCCATTGTGACCTCGT-1,1/MB,4
-1.026536375284195,TCCCAAACAGACAACG-1,8/CA1,2
-0.4648995101451874,TCCCAAAGACGAAGGA-1,0/HYL,3
-1.026536375284195,TCCCAAAGCCCTAAAT-1,"4/V,VIa,VIb",2
2.840306520462036,TCCCACGGAGGGAGCT-1,1/MB,6
0.0,TCCCACTCTCTTCCGG-1,8/CA1,4
0.0,TCCCAGCTTTAGTCTG-1,3/CA3,4
0.0,TCCCAGGCTTAGCTAA-1,3/CA3,4
-0.4648995101451874,TCCCGCCTATGTGCGT-1,"4/V,VIa,VIb",3
-0.4648995101451874,TCCCGCGTACTCCTGG-1,0/HYL,3
-0.4648995101451874,TCCCGGGTGTGCTGCT-1,2/VL,3
1.6564245025316873,TCCCGGTCAGGAATTT-1,0/HYL,5
-0.4648995101451874,TCCCGTCAGTCCCGCA-1,6/TH,3
0.0,TCCCGTCGCGTCATAG-1,13/CA1-pyramidal layer of the hippocampus,4
0.0,TCCCGTGTGCAATTTG-1,11/fxs,4
-0.4648995101451874,TCCCTAGATCAATAGG-1,13/CA1-pyramidal layer of the hippocampus,3
1.6460888584454856,TCCCTCCGAAATCGTT-1,1/MB,5
-0.4648995101451874,TCCCTGGCTCGCTGGA-1,2/VL,3
2.0232984522978463,TCCCTTAGATTACTCG-1,6/TH,6
-1.026536375284195,TCCGAACTTGGCTTAC-1,2/VL,2
-0.4648995101451874,TCCGAAGTAGTCACCA-1,12/cingulum bundle,3
0.0,TCCGAATGGTCCTGAG-1,13/CA1-pyramidal layer of the hippocampus,4
-0.5616368651390076,TCCGAGAAGGCTAAGC-1,1/MB,3
-0.4648995101451874,TCCGATAATTGCCATA-1,6/TH,3
-0.4648995101451874,TCCGATGACTGAGCTC-1,6/TH,3
0.0,TCCGATGGTGCGACAT-1,0/HYL,4
-0.4648995101451874,TCCGATTACATTGCCG-1,2/VL,3
1.4791319767634072,TCCGCCTGTCTACAAG-1,"9/II,III,IV",5
0.0,TCCGCGGCAGCATCTG-1,8/CA1,4
1.9323140233755112,TCCGCGGCCCAATGAA-1,"9/II,III,IV",5
-0.4648995101451874,TCCGCTGTCATCCCGG-1,11/fxs,3
-1.026536375284195,TCCGCTTATCCCATTA-1,"4/V,VIa,VIb",2
-0.4648995101451874,TCCGGAGGAAGGGCTG-1,12/cingulum bundle,3
-0.4648995101451874,TCCGGCCTAGCGTACA-1,15/DG,3
-1.026536375284195,TCCGGCCTGCATCGAT-1,1/MB,2
-1.026536375284195,TCCGGTTCGTCCGGTC-1,5/PIR,2
-1.026536375284195,TCCGTTAAGCTAATAT-1,"9/II,III,IV",2
-0.4648995101451874,TCCGTTTAGCCTTGAA-1,3/CA3,3
0.4555642505486806,TCCTAAATTGGGAAGC-1,"9/II,III,IV",4
-1.026536375284195,TCCTACATCCACGGCC-1,11/fxs,2
0.0,TCCTAGCAAAGAAGCT-1,2/VL,4
-1.026536375284195,TCCTATCATAGGTAAC-1,"9/II,III,IV",2
-0.1574308772881826,TCCTCCTAAGACATTC-1,5/PIR,3
0.0,TCCTCGGGCTGGGCTT-1,8/CA1,4
1.0136231303215026,TCCTCTACGAGATGGC-1,2/VL,5
-0.4648995101451874,TCCTCTCCAGTTGTCC-1,2/VL,3
-0.4648995101451874,TCCTCTGGCCCATTAG-1,0/HYL,3
-0.4648995101451874,TCCTGCCAACTGGAGA-1,0/HYL,3
0.31605213383833564,TCCTGCGTTGATACTC-1,2/VL,4
-0.4648995101451874,TCCTGGCGCTGCCTGG-1,0/HYL,3
1.8790242274602256,TCCTTACGACGGTCCG-1,"4/V,VIa,VIb",5
3.1079287032286325,TCCTTCAGTGGTCGAA-1,6/TH,7
0.0787836114565531,TCCTTTAAATCCGCTT-1,"9/II,III,IV",4
-0.4648995101451874,TCCTTTCTTACGCTTA-1,0/HYL,3
-0.4648995101451874,TCGAAATTTAGGACCA-1,3/CA3,3
0.635595550139745,TCGAAGAACCGAGCAC-1,"4/V,VIa,VIb",4
0.0,TCGAGACCAACACCGT-1,3/CA3,4
1.2661528587341309,TCGATAGGCTAGTCGC-1,1/MB,5
-0.4648995101451874,TCGCAAAGATGCATTT-1,11/fxs,3
-1.026536375284195,TCGCACCAGGAGGCAG-1,"4/V,VIa,VIb",2
-0.5616368651390076,TCGCATCCCTAAGTGT-1,1/MB,3
-0.5616368651390076,TCGCATTCAATGACTT-1,1/MB,3
-0.4648995101451874,TCGCCCAACTGACTCC-1,0/HYL,3
-1.026536375284195,TCGCCGAAGTTGCGTC-1,5/PIR,2
-0.4648995101451874,TCGCCGGTCGATCCGT-1,7/cpd,3
2.1341495633125307,TCGCCTCGACCTGTTG-1,14/HY,6
-0.4648995101451874,TCGCGTCCAGAAGGTC-1,2/VL,3
6.531728188196817,TCGCTAAACCGCTATC-1,6/TH,10
0.0,TCGCTCGATATATTCC-1,0/HYL,4
-0.4648995101451874,TCGCTCGGCACCAGCG-1,8/CA1,3
-0.4648995101451874,TCGCTGGGCGGATTGT-1,0/HYL,3
2.3652589122454324,TCGCTGTGCGTAAATC-1,1/MB,6
-1.026536375284195,TCGCTTAATTACGAAG-1,7/cpd,2
-0.4648995101451874,TCGCTTTAAACGTTTG-1,6/TH,3
-1.026536375284195,TCGGAATGACCATCAA-1,1/MB,2
-0.4648995101451874,TCGGAATGCGCTCTGA-1,2/VL,3
-0.4648995101451874,TCGGACGCCCAGCCCA-1,3/CA3,3
-0.5616368651390076,TCGGAGAGTATCGGGA-1,5/PIR,3
-0.4648995101451874,TCGGAGTACATGAGTA-1,3/CA3,3
-1.026536375284195,TCGGCGAACCCAAACC-1,"9/II,III,IV",2
0.0,TCGGCGGTATTAGATT-1,12/cingulum bundle,4
2.569949766000112,TCGGCTAACTTCCCTT-1,1/MB,6
0.0,TCGGGAACGTGCCTAG-1,13/CA1-pyramidal layer of the hippocampus,4
-0.4648995101451874,TCGGGATTCAAACATA-1,5/PIR,3
-0.5616368651390076,TCGGGCACTTCTGGAT-1,1/MB,3
-0.4648995101451874,TCGGGCCGTCGTGGTA-1,8/CA1,3
-1.026536375284195,TCGGGTGAAACTGCTA-1,0/HYL,2
-0.4648995101451874,TCGGTCCCTGACTCCA-1,0/HYL,3
-0.4648995101451874,TCGGTGACCGCTCCGG-1,12/cingulum bundle,3
-0.4648995101451874,TCGGTTAGCCATGTAG-1,0/HYL,3
-0.4648995101451874,TCGTAAGACGACATTG-1,6/TH,3
-0.4648995101451874,TCGTAAGCTCCGAGGA-1,8/CA1,3
-1.026536375284195,TCGTATAGTGCAATTA-1,7/cpd,2
-0.4648995101451874,TCGTATTACCCATTGC-1,2/VL,3
0.9654139081637064,TCGTATTTCGTCCGGA-1,1/MB,4
-0.4648995101451874,TCGTCACACTGTTAGC-1,2/VL,3
-0.4648995101451874,TCGTCCGCTGGCGTCT-1,7/cpd,3
-1.026536375284195,TCGTCCGGGTACACTC-1,12/cingulum bundle,2
0.8794781963030496,TCGTCTTAGGCGTTAA-1,"4/V,VIa,VIb",4
-0.4648995101451874,TCGTGTACTATGGATG-1,7/cpd,3
-0.4648995101451874,TCGTGTCACGCTGACA-1,8/CA1,3
1.2216063141822815,TCGTTAGGAGTCCCTA-1,5/PIR,5
-1.026536375284195,TCGTTCGTTATTATGT-1,1/MB,2
-1.026536375284195,TCGTTGCTATCCGGTC-1,5/PIR,2
-0.5616368651390076,TCGTTGGCTCGTCAAT-1,1/MB,3
-0.4648995101451874,TCTACACGTTCATGCA-1,0/HYL,3
-0.4648995101451874,TCTACCGTCCACAAGC-1,0/HYL,3
-0.5616368651390076,TCTACGGGCTCAGTTG-1,7/cpd,3
-1.026536375284195,TCTAGCAATCTCCGCC-1,5/PIR,2
0.0,TCTAGCATCTTCGATG-1,7/cpd,4
-1.026536375284195,TCTAGCATGCCCAGAA-1,"4/V,VIa,VIb",2
-0.4648995101451874,TCTAGGTGGCGACGCT-1,15/DG,3
-0.4648995101451874,TCTAGTGATATCGTGG-1,"4/V,VIa,VIb",3
-0.4648995101451874,TCTAGTTATCAGAAGA-1,3/CA3,3
-0.5616368651390076,TCTATCATGCAGTTAC-1,1/MB,3
-0.4648995101451874,TCTATCGGTCGCAACA-1,0/HYL,3
-0.5616368651390076,TCTATTACGCTGGCGA-1,1/MB,3
-0.4648995101451874,TCTATTACTAGAGGAT-1,5/PIR,3
4.045485138893127,TCTCATGAGATAGGGT-1,"4/V,VIa,VIb",8
-0.4648995101451874,TCTCCAACGTAGGTTA-1,6/TH,3
0.7752553820610046,TCTCCCTGGGCAGCGT-1,"9/II,III,IV",4
0.9869924287001292,TCTCGAACGAGGTCAC-1,0/HYL,4
-0.5616368651390076,TCTCGACGTATCGCCG-1,"9/II,III,IV",3
0.589245359102885,TCTCGGCTCCAGGACT-1,1/MB,4
0.0,TCTCTAATAGCTGGTA-1,0/HYL,4
-0.4648995101451874,TCTGAACCGGTCGGCT-1,7/cpd,3
-1.026536375284195,TCTGAACTCGTACCCG-1,"4/V,VIa,VIb",2
0.7657703459262848,TCTGAAGCACGTGGTC-1,"9/II,III,IV",4
0.0,TCTGAATTCCGTACAA-1,8/CA1,4
-0.4648995101451874,TCTGACGGGCTAACCC-1,7/cpd,3
-1.026536375284195,TCTGACTGTAATGGTT-1,14/HY,2
-0.4648995101451874,TCTGATCGGGTGCTAG-1,"4/V,VIa,VIb",3
1.9927040537198384,TCTGATGTATTCTGTC-1,"4/V,VIa,VIb",5
1.0953811605771382,TCTGATTGGAAATGGA-1,"4/V,VIa,VIb",5
1.9730215469996133,TCTGCACCATTAGTAA-1,"4/V,VIa,VIb",5
0.0,TCTGCCAGAAACTGCA-1,13/CA1-pyramidal layer of the hippocampus,4
-0.4648995101451874,TCTGCGAATCGTTCGC-1,7/cpd,3
-0.5616368651390076,TCTGCGTCCGGTTTCT-1,1/MB,3
0.5091776609420776,TCTGGAGCGTAAGAGT-1,"9/II,III,IV",4
-1.026536375284195,TCTGGCCGTTCAAGTT-1,"4/V,VIa,VIb",2
0.0,TCTGGGAACCTTTGAA-1,13/CA1-pyramidal layer of the hippocampus,4
0.0,TCTGGGTAGCGCTCAT-1,2/VL,4
-0.5616368651390076,TCTGTCATACAAGAGC-1,0/HYL,3
-1.026536375284195,TCTGTGACTGACCGTT-1,14/HY,2
-0.4648995101451874,TCTGTGATGGAGGTTG-1,8/CA1,3
-0.4648995101451874,TCTGTGCCATCATAGT-1,3/CA3,3
1.7740194598833718,TCTGTGGCTACATTTC-1,1/MB,5
-1.026536375284195,TCTGTTACCCAGCATA-1,5/PIR,2
-1.026536375284195,TCTTACAGAGGTACCG-1,0/HYL,2
-0.4648995101451874,TCTTACCGGAACTCGT-1,6/TH,3
-0.4648995101451874,TCTTACGGCATCCGAC-1,2/VL,3
-1.026536375284195,TCTTACTTATGCCTCT-1,11/fxs,2
-0.4648995101451874,TCTTAGAGCTCCAATT-1,"4/V,VIa,VIb",3
-0.4648995101451874,TCTTAGAGTGAACTCT-1,11/fxs,3
-0.4648995101451874,TCTTCCCATGGGCACA-1,8/CA1,3
-0.4648995101451874,TCTTCGAATAGACGTT-1,3/CA3,3
-0.4648995101451874,TCTTCGATACCAATAA-1,0/HYL,3
-1.026536375284195,TCTTCTATAACCCGCC-1,"4/V,VIa,VIb",2
-0.4648995101451874,TCTTGATGCGTAGCGA-1,7/cpd,3
-0.4648995101451874,TCTTGGTAACACCAAA-1,6/TH,3
0.0,TCTTTAAGACTATGAA-1,8/CA1,4
-0.4648995101451874,TCTTTAGAGTCTAACA-1,10/I,3
-0.4648995101451874,TCTTTAGCAGGCGAAC-1,11/fxs,3
-1.026536375284195,TCTTTCTCTTAAGGAG-1,0/HYL,2
4.4867380162080135,TGAAACCTCAACTCAC-1,1/MB,8
-1.026536375284195,TGAAACTTATGCAAGC-1,6/TH,2
-0.4648995101451874,TGAAAGGACCTGACTC-1,8/CA1,3
0.1315633257230122,TGAACACCCGAAGCAG-1,14/HY,4
0.18637810150782266,TGAATATGCTATAAAC-1,12/cingulum bundle,4
-1.026536375284195,TGAATGAGATACAGCA-1,7/cpd,2
-1.026536375284195,TGAATGTCAGCCGGCC-1,"9/II,III,IV",2
0.4714530507723491,TGACAACGCATGTCGC-1,"9/II,III,IV",4
-0.4648995101451874,TGACACTTCTCTTTGC-1,0/HYL,3
0.0,TGACATCGAGCGGACC-1,8/CA1,4
-0.4648995101451874,TGACCAGCTTCAAAGT-1,0/HYL,3
4.923848450183868,TGACCCAACTCACATT-1,1/MB,8
-0.4648995101451874,TGACCCACGTTAGACA-1,3/CA3,3
-0.5616368651390076,TGACGAATATTTCCCT-1,5/PIR,3
0.0,TGACGATGCACTAGAA-1,8/CA1,4
0.0,TGACTATAATCCTTTC-1,11/fxs,4
0.0,TGAGAATGCTTTACCG-1,0/HYL,4
-0.4648995101451874,TGAGAGATTTACCACG-1,13/CA1-pyramidal layer of the hippocampus,3
-0.4648995101451874,TGAGATCAAATACTCA-1,7/cpd,3
-0.4648995101451874,TGAGATTAGGCCCTAA-1,0/HYL,3
-0.5616368651390076,TGAGCAGTCGTGAAGT-1,1/MB,3
0.0,TGAGCCATACAGTCTC-1,2/VL,4
0.7598351538181305,TGAGCGGAAAGTGTTC-1,"9/II,III,IV",4
-0.4648995101451874,TGAGCTTTAATGACGC-1,6/TH,3
-0.5616368651390076,TGAGGTTGATCCCAAG-1,1/MB,3
-0.4648995101451874,TGAGTAAATTAGCGTA-1,"4/V,VIa,VIb",3
0.6580800116062164,TGAGTGCCTCTTAAAT-1,5/PIR,4
-0.4648995101451874,TGAGTGGTCCGTGACG-1,3/CA3,3
0.9950081010659536,TGAGTTAAAGACATTC-1,"9/II,III,IV",4
1.2772417068481443,TGATACATTTAGCCGT-1,10/I,5
-1.026536375284195,TGATCAGGGAACTGCT-1,5/PIR,2
0.0,TGATCCCAGCATTAGT-1,8/CA1,4
0.0,TGATCGGTTTGACCCT-1,7/cpd,4
-0.4648995101451874,TGATCTACGCTGATCT-1,0/HYL,3
-0.4648995101451874,TGATCTCCGGCGCCAG-1,7/cpd,3
-1.026536375284195,TGATGCTCACGTAGTC-1,12/cingulum bundle,2
-0.4648995101451874,TGATGGCTGTTTCTGA-1,13/CA1-pyramidal layer of the hippocampus,3
-0.4648995101451874,TGATTATGGCACGCAG-1,12/cingulum bundle,3
-0.4648995101451874,TGATTCGTCTATCACT-1,3/CA3,3
0.2773612836996714,TGATTCTGTCGCCGGT-1,5/PIR,4
0.0,TGATTTATTAGCTGTG-1,2/VL,4
2.2249016563097634,TGATTTCCTCCTGACG-1,1/MB,6
3.983520726362864,TGCAAACCCACATCAA-1,14/HY,7
0.0,TGCAAGAATGACGTAA-1,0/HYL,4
-0.4648995101451874,TGCAATTTGGGCACGG-1,0/HYL,3
-0.4648995101451874,TGCACAGTGAAGTTAT-1,0/HYL,3
1.0864123404026031,TGCACGAGTCGGCAGC-1,6/TH,5
0.0,TGCAGAACTATATCGT-1,2/VL,4
-1.026536375284195,TGCAGAGTACCGAGCA-1,3/CA3,2
-0.4648995101451874,TGCAGATCGTCCTAGG-1,5/PIR,3
0.0,TGCAGCTACGTACTTC-1,5/PIR,4
-0.4648995101451874,TGCAGGATCGGCAAAG-1,6/TH,3
-0.5616368651390076,TGCAGTGAGGCTCGGG-1,7/cpd,3
-0.4648995101451874,TGCAGTTTCCTCCCAT-1,13/CA1-pyramidal layer of the hippocampus,3
0.0,TGCATATGTCTGTCAC-1,8/CA1,4
0.023417805631955446,TGCATGAGTAGATTCG-1,14/HY,4
-0.4648995101451874,TGCATGGATCGGATCT-1,6/TH,3
-0.4648995101451874,TGCATGTGGTAATCTA-1,6/TH,3
0.3329529712597529,TGCCAAAGTCAGACTT-1,5/PIR,4
0.6951336661974588,TGCCAATGGGTACTCT-1,5/PIR,4
-0.4648995101451874,TGCCACCTGGCGAAAC-1,6/TH,3
3.3558220465977984,TGCCAGTACGTGGAGA-1,"4/V,VIa,VIb",7
0.4561736087004343,TGCCATGGCTTATAAG-1,0/HYL,4
-0.4648995101451874,TGCCATTACTAAAGAA-1,6/TH,3
-1.026536375284195,TGCCCGTACCGTTAAA-1,11/fxs,2
-0.4648995101451874,TGCCGAAAGCGTATTC-1,"4/V,VIa,VIb",3
-1.026536375284195,TGCCGATGTCATCAAT-1,14/HY,2
-0.5616368651390076,TGCCGTGGATCGTCCT-1,10/I,3
-1.026536375284195,TGCCTAAATTTAATAG-1,"9/II,III,IV",2
0.0,TGCCTGACATCGGTCA-1,10/I,4
-0.4648995101451874,TGCCTGATCAAACGAT-1,6/TH,3
1.850090891122818,TGCCTTGCCCTTACGG-1,14/HY,5
0.574476957321167,TGCCTTGGCCAGGCAA-1,"4/V,VIa,VIb",4
-1.026536375284195,TGCGAATATGGGATTT-1,5/PIR,2
-0.4648995101451874,TGCGACACCCTAGTGC-1,5/PIR,3
-0.5616368651390076,TGCGAGAAACGTTACG-1,14/HY,3
2.034961462020874,TGCGAGAATATTACCC-1,5/PIR,6
0.5511659681797028,TGCGAGATGGCGGCCA-1,12/cingulum bundle,4
0.4985498289267222,TGCGAGCCCTTCCGCG-1,0/HYL,4
-0.4648995101451874,TGCGCAAAGCATTTGG-1,0/HYL,3
1.8540880183378856,TGCGCCGTTAATAACG-1,"9/II,III,IV",5
-0.4648995101451874,TGCGCGATTAACGGAG-1,3/CA3,3
-0.4648995101451874,TGCGGAGTAAAGGTGC-1,6/TH,3
-0.5616368651390076,TGCGGCATAGTTCAAC-1,0/HYL,3
-1.026536375284195,TGCGGGTATTGGGATC-1,1/MB,2
-1.026536375284195,TGCGGTGAAATTTCAT-1,6/TH,2
-1.026536375284195,TGCGTAAGAACCTGAT-1,2/VL,2
2.6166858573754626,TGCGTGATTGGGTGTC-1,14/HY,6
0.0,TGCGTTTGTTGACACT-1,3/CA3,4
2.0938020745913186,TGCTAAGTGTCTATTT-1,"4/V,VIa,VIb",6
2.1890923778216043,TGCTATACAAACGGAC-1,1/MB,6
-1.026536375284195,TGCTCCACAGTTCTTA-1,"4/V,VIa,VIb",2
0.0,TGCTCGGCGAAACCCA-1,10/I,4
-0.4648995101451874,TGCTCTGCCGGTTCAC-1,"4/V,VIa,VIb",3
-1.026536375284195,TGCTGCGTCAGAGTTA-1,12/cingulum bundle,2
-0.4648995101451874,TGCTGGTTGGACAATT-1,7/cpd,3
-0.4648995101451874,TGCTGTTGAAGAACTC-1,3/CA3,3
3.8288619319597883,TGCTTGAAACCATGCA-1,14/HY,7
1.5094220439592996,TGGAAACGGAGTGAAC-1,14/HY,5
-0.5616368651390076,TGGAACCACTGACACA-1,15/DG,3
0.0,TGGAAGAAGGGAACGT-1,2/VL,4
-1.026536375284195,TGGAAGACGAACACCA-1,0/HYL,2
-0.4648995101451874,TGGAAGGATAAAGATG-1,6/TH,3
-0.4648995101451874,TGGAATATCCTTGACC-1,8/CA1,3
-0.4648995101451874,TGGAATTAGACGCTTT-1,2/VL,3
5.342388903101285,TGGACCACGGCGTTGA-1,14/HY,9
-0.4648995101451874,TGGACTGTTCGCTCAA-1,3/CA3,3
4.542014181613922,TGGAGCTAAAGTTCCC-1,1/MB,8
-0.4648995101451874,TGGAGGGAAACACCTC-1,7/cpd,3
0.0,TGGAGTGATGCGATGA-1,3/CA3,4
0.6039604047934213,TGGATAGAGTAACAGA-1,14/HY,4
-0.11636919279893244,TGGCAAACTAAATTAC-1,"4/V,VIa,VIb",3
3.448956678311029,TGGCAACTCGCGCGCC-1,6/TH,7
-0.4648995101451874,TGGCAATGGGACGGCG-1,10/I,3
-1.026536375284195,TGGCACGAGCTCGAGT-1,0/HYL,2
0.0,TGGCAGATTACGATCA-1,3/CA3,4
-1.026536375284195,TGGCAGCAGTAATAGT-1,3/CA3,2
-0.4648995101451874,TGGCCAAACTGAAGTA-1,6/TH,3
-0.4648995101451874,TGGCCGTATATTGACC-1,3/CA3,3
-1.026536375284195,TGGCGACTGCTCCAAA-1,10/I,2
2.880421171585719,TGGCGATCAAGTTATG-1,5/PIR,6
-0.5616368651390076,TGGCGGTGTGCGATTG-1,7/cpd,3
-0.4648995101451874,TGGCTCTTGTCGCGTA-1,10/I,3
-1.026536375284195,TGGCTTGTACAAGCTT-1,7/cpd,2
0.0,TGGCTTTGGGTAGACA-1,0/HYL,4
-1.026536375284195,TGGGAAATGCCTTTCC-1,2/VL,2
-1.026536375284195,TGGGATGCACTCATTC-1,0/HYL,2
1.7742964426676433,TGGGCAATAGTTGGGT-1,"4/V,VIa,VIb",5
0.6541396180788677,TGGGCACAAACAGAAC-1,1/MB,4
-0.4648995101451874,TGGGCACGTTCTATGG-1,6/TH,3
-0.4648995101451874,TGGGCCACAAGAGCGC-1,6/TH,3
1.8061587313810985,TGGGCCCATACTAATT-1,"4/V,VIa,VIb",5
-0.5616368651390076,TGGGCCTTGCCTGCAT-1,10/I,3
-0.4648995101451874,TGGGTAAGGTTCCCGC-1,0/HYL,3
0.6990661521752675,TGGGTGGGATGTCATT-1,12/cingulum bundle,4
-0.4648995101451874,TGGTAAGCAGGATTGA-1,10/I,3
0.7696900566418965,TGGTACCGGCACAGCC-1,14/HY,4
-1.026536375284195,TGGTAGAATATATGGG-1,"4/V,VIa,VIb",2
1.5542539258797965,TGGTATCGCATCCCAA-1,6/TH,5
-0.4648995101451874,TGGTATCGGTCTGTAT-1,7/cpd,3
3.6766670445601135,TGGTCCCACGCTACGG-1,"4/V,VIa,VIb",7
0.0,TGGTCGTTTGATAGAT-1,0/HYL,4
-0.4648995101451874,TGGTCTGTTGGGCGTA-1,2/VL,3
-0.4648995101451874,TGGTGATCGTATTTGT-1,10/I,3
0.0,TGGTTAAGGGCGCTGG-1,13/CA1-pyramidal layer of the hippocampus,4
1.0852796534697216,TGGTTCAACGGGTAAT-1,"4/V,VIa,VIb",5
-1.026536375284195,TGGTTCGTAGCAAAGG-1,0/HYL,2
-0.4648995101451874,TGGTTGGAGGATCCTG-1,0/HYL,3
-1.026536375284195,TGGTTTAAACGTGGGT-1,8/CA1,2
3.0982651511828103,TGTAACTTGTCAACCT-1,1/MB,7
1.107493817806244,TGTAATGACCACAATA-1,5/PIR,5
0.0,TGTACGAACAAATCCG-1,3/CA3,4
-0.4648995101451874,TGTACTACTCTCACGG-1,7/cpd,3
1.8422283927599588,TGTACTGTGCCAAAGT-1,1/MB,5
0.0,TGTAGGAGAAATTTCC-1,8/CA1,4
-0.4648995101451874,TGTAGTGATCTATAAT-1,2/VL,3
-0.4648995101451874,TGTATAACAGATCCTG-1,6/TH,3
1.079793761173884,TGTATACGGATGATGA-1,"4/V,VIa,VIb",5
-0.4648995101451874,TGTATCAGACTGAAGC-1,0/HYL,3
1.3521017034848528,TGTATCCTTATTCCAT-1,0/HYL,5
-0.4648995101451874,TGTATGGCGCAGACAG-1,11/fxs,3
0.9346013367176056,TGTATTTACCTAATGC-1,0/HYL,4
0.0,TGTCATTTGTTGGGAA-1,8/CA1,4
2.452257513999939,TGTCCCGACATAGCAC-1,7/cpd,6
-1.026536375284195,TGTCCGTGGCGCCTTT-1,2/VL,2
-0.4648995101451874,TGTCCTAAGTCACCGC-1,2/VL,3
4.752043763796488,TGTCGGCATGGTGGAA-1,1/MB,8
-0.5616368651390076,TGTCTACAGTTTCTGT-1,0/HYL,3
-0.4648995101451874,TGTGACTACGCCAGTC-1,6/TH,3
-1.026536375284195,TGTGCCGGTGCCGGAA-1,"9/II,III,IV",2
-1.026536375284195,TGTGCTTTACGTAAGA-1,2/VL,2
-0.5616368651390076,TGTGGAGGAAGCTTAA-1,1/MB,3
-0.4648995101451874,TGTGGCAAAGCGTATG-1,3/CA3,3
1.1765049993991852,TGTGGCTCCCACCAAC-1,"9/II,III,IV",5
0.0,TGTGTCGCGAGTTGCA-1,3/CA3,4
-0.4648995101451874,TGTGTTCGTATCCAAG-1,2/VL,3
0.0,TGTTATTGTATGTGGC-1,11/fxs,4
-0.4648995101451874,TGTTCCGCTTCCATGA-1,3/CA3,3
-0.4648995101451874,TGTTCGTATTGCGGTG-1,5/PIR,3
1.4032171567281086,TGTTCTCTACTCCCTA-1,7/cpd,5
0.0,TGTTCTTCCATTGACT-1,3/CA3,4
1.1034385263919828,TGTTGCCGTCGTCCCA-1,"9/II,III,IV",5
3.5794805983702345,TGTTGTCAAGAAGTCT-1,6/TH,7
-1.026536375284195,TGTTTAATACTTCATC-1,0/HYL,2
-0.5616368651390076,TGTTTCGGTACTTCTC-1,0/HYL,3
-0.4648995101451874,TGTTTGAGATCGTCAG-1,10/I,3
1.099821835756302,TTAAACAGAGTCCCGC-1,1/MB,5
-0.5616368651390076,TTAAACCGGTAGCGAC-1,0/HYL,3
-0.4648995101451874,TTAAACTCGAATTCAT-1,15/DG,3
0.0,TTAACACCTCGAACAT-1,2/VL,4
0.0,TTAACCAACCCTCCCT-1,0/HYL,4
0.0,TTAACGAACAAGCAGT-1,13/CA1-pyramidal layer of the hippocampus,4
-0.5616368651390076,TTAACGTCGCAAGACC-1,0/HYL,3
0.798909564812978,TTAACTTCAGGTAGGA-1,5/PIR,4
-0.4648995101451874,TTAAGACGAACGAACC-1,0/HYL,3
-0.4648995101451874,TTAAGATAGGATTGAC-1,"4/V,VIa,VIb",3
0.7665851016839345,TTAAGCCGACAACTTC-1,6/TH,4
0.0,TTAAGCGCCTGACCCA-1,3/CA3,4
-1.026536375284195,TTAAGGATACGGAGGT-1,0/HYL,2
-0.4648995101451874,TTAATCAGTACGTCAG-1,6/TH,3
2.059636890888214,TTAATGCGAGGTAACT-1,1/MB,6
-0.4648995101451874,TTAATGTAGACCAGGT-1,0/HYL,3
-0.4648995101451874,TTAATTTCAGACGCGG-1,6/TH,3
-0.4648995101451874,TTACAACTACGCATCC-1,0/HYL,3
-0.4648995101451874,TTACAGACCTAAATGA-1,15/DG,3
0.0,TTACATCGTGGCCTGG-1,7/cpd,4
-0.4648995101451874,TTACATGCCACAACTA-1,11/fxs,3
-0.4648995101451874,TTACCATTGATTACCC-1,2/VL,3
2.7490374644597373,TTACCCATTGCCGGGT-1,0/HYL,6
-1.026536375284195,TTACCCTAACAGTCCT-1,2/VL,2
4.498184124628702,TTACCGCCTTAGGGAA-1,1/MB,8
-0.4648995101451874,TTACGGATGGTTCGAG-1,8/CA1,3
1.5062966545422871,TTACGGTGTCACCGAG-1,1/MB,5
-1.026536375284195,TTACGTAGCGCGTGCT-1,1/MB,2
-0.4648995101451874,TTACTAAAGGACTTTA-1,"4/V,VIa,VIb",3
-1.026536375284195,TTACTATCGGCTTCTC-1,2/VL,2
-0.4648995101451874,TTACTCCGGCCGGGAA-1,3/CA3,3
-1.026536375284195,TTACTCTGGTACGTAC-1,2/VL,2
0.6397368709246318,TTACTGTCTAGAGCTC-1,12/cingulum bundle,4
1.2624749541282654,TTACTGTTTCTCTACG-1,1/MB,5
-1.026536375284195,TTAGAAGAACATGACT-1,"4/V,VIa,VIb",2
1.861191461483637,TTAGACACGATCGTTG-1,0/HYL,5
-0.4648995101451874,TTAGACGAGTCACCTC-1,"4/V,VIa,VIb",3
-1.026536375284195,TTAGAGTTTAGAAGGA-1,11/fxs,2
0.8281368215878804,TTAGATAGGTCGATAC-1,1/MB,4
0.4906518856684368,TTAGCAACATGGATGT-1,2/VL,4
-0.4648995101451874,TTAGCTAATACGATCT-1,8/CA1,3
-1.026536375284195,TTAGCTCTGTAATCCG-1,2/VL,2
0.0,TTAGCTGATTTGCCGT-1,8/CA1,4
-0.4648995101451874,TTAGTAGGGCGGCGGG-1,2/VL,3
0.25392801562945044,TTAGTTATTCGTGGCA-1,"4/V,VIa,VIb",4
-1.026536375284195,TTAGTTCAAGTGTTCG-1,8/CA1,2
-0.5616368651390076,TTATAGATGCACATTA-1,1/MB,3
-1.026536375284195,TTATAGTCCAAGGTGC-1,0/HYL,2
-0.4648995101451874,TTATATACGCTGTCAC-1,3/CA3,3
-0.4648995101451874,TTATATTTGGCAATCC-1,0/HYL,3
1.4981194933255515,TTATCATACTCGCAAA-1,1/MB,5
-0.5616368651390076,TTATCCAATCGAACTC-1,1/MB,3
2.937832951545716,TTATCCGGGATCTATA-1,"4/V,VIa,VIb",6
-0.4648995101451874,TTATCGCCTGCGAAGC-1,2/VL,3
-0.4648995101451874,TTATCTGTATCATAAC-1,0/HYL,3
-1.026536375284195,TTATGAATGAAAGGGA-1,3/CA3,2
-0.4648995101451874,TTATGATCTTAACGAA-1,8/CA1,3
-0.5616368651390076,TTATGCGTCCCGGTCC-1,1/MB,3
-0.4648995101451874,TTATGTTTGCGATAGA-1,2/VL,3
0.0,TTATTAGAGCGTGTTC-1,11/fxs,4
-0.4648995101451874,TTATTAGGGAAGCATC-1,7/cpd,3
1.5845109423001609,TTATTTCATCCCAAAC-1,14/HY,5
-0.4648995101451874,TTCAAAGTCTCTAGCC-1,3/CA3,3
-0.4648995101451874,TTCAACGACCCGACCG-1,0/HYL,3
6.473022699356079,TTCAAGCCGAGCTGAG-1,6/TH,10
0.0,TTCAATACTCTGAATC-1,8/CA1,4
-1.026536375284195,TTCAATTAGCCATAAT-1,1/MB,2
-0.5616368651390076,TTCACGAAAGGATCAC-1,3/CA3,3
3.88337101538976,TTCACTCGAGCACCTA-1,"9/II,III,IV",7
2.5153894225756326,TTCAGAGTAACCTGAC-1,14/HY,6
-0.4648995101451874,TTCAGCCCTGGTCCAC-1,"4/V,VIa,VIb",3
0.0800961057345072,TTCAGCTGGCGTGCCC-1,"9/II,III,IV",4
-0.4648995101451874,TTCAGGCGTCAAAGCC-1,5/PIR,3
3.0125630497932434,TTCATAGCCTTGTAAC-1,14/HY,7
-0.4648995101451874,TTCATGGCGCAACAGG-1,6/TH,3
-1.026536375284195,TTCCAATCAGAGCTAG-1,3/CA3,2
-1.026536375284195,TTCCAATCTGGCTATC-1,5/PIR,2
-0.5616368651390076,TTCCACACAGATTTGA-1,5/PIR,3
0.9200722873210908,TTCCACATTTCTCGTC-1,1/MB,4
-1.026536375284195,TTCCAGACGAGATTTA-1,"4/V,VIa,VIb",2
-0.4648995101451874,TTCCATCATGCGGTGA-1,0/HYL,3
-0.4648995101451874,TTCCCGACGCTTCACT-1,7/cpd,3
-0.5616368651390076,TTCCCGGCGCCAATAG-1,10/I,3
-0.4648995101451874,TTCCGCAGAGAAATAT-1,15/DG,3
0.0,TTCCGCGTGAGGCGAT-1,11/fxs,4
-1.026536375284195,TTCCGGCCTTGAGGCT-1,5/PIR,2
-0.4648995101451874,TTCCGGCTCGACTTCT-1,12/cingulum bundle,3
0.3039128383000691,TTCCGGTATCTGTGTC-1,"4/V,VIa,VIb",4
-0.5616368651390076,TTCCGGTTACCCACTT-1,11/fxs,3
0.0,TTCCTCGAGGGTGTCT-1,0/HYL,4
3.1355753143628435,TTCCTCGGACTAACCA-1,"4/V,VIa,VIb",7
0.28200640281041456,TTCCTCTGCCCGAATA-1,5/PIR,4
2.4351009329160056,TTCCTTTCTGTGTTGC-1,1/MB,6
-1.026536375284195,TTCGACAGAGCCCGTG-1,"4/V,VIa,VIb",2
0.0,TTCGACGGGAAGGGCG-1,7/cpd,4
0.4554756184418995,TTCGAGCCGGCGCTAC-1,12/cingulum bundle,4
0.0,TTCGCACTCGCGTGCT-1,7/cpd,4
4.869166751702627,TTCGCATCCGGAAGCA-1,14/HY,8
-1.026536375284195,TTCGCTAGGAAGTTGT-1,"4/V,VIa,VIb",2
-0.4648995101451874,TTCGCTATCTGACGTG-1,8/CA1,3
-1.026536375284195,TTCGGACTGATGCCTT-1,0/HYL,2
-0.4648995101451874,TTCGGCAACCCGCTGA-1,0/HYL,3
-1.026536375284195,TTCGGCTAGAGATGGT-1,2/VL,2
-0.4648995101451874,TTCGGGACTAATCGCG-1,3/CA3,3
1.6550682385762532,TTCGGTGGAGACGCCC-1,"9/II,III,IV",5
-0.4648995101451874,TTCGTAATCCCAGCGG-1,0/HYL,3
-0.4648995101451874,TTCGTACTCCAGAACG-1,2/VL,3
-0.4648995101451874,TTCGTTCAACGAAGTT-1,8/CA1,3
-0.4648995101451874,TTCTAACCGAAGCTTA-1,8/CA1,3
-1.026536375284195,TTCTACCTTTATGTTG-1,0/HYL,2
-0.4648995101451874,TTCTACTTGCGAGGGC-1,0/HYL,3
-0.4648995101451874,TTCTAGGCCAATTGTG-1,7/cpd,3
-0.4648995101451874,TTCTATGCCTTTCGCA-1,"4/V,VIa,VIb",3
3.2611174831787744,TTCTGACCGGGCTCAA-1,"4/V,VIa,VIb",7
-1.026536375284195,TTCTGCCGCGCCTAGA-1,"4/V,VIa,VIb",2
-1.026536375284195,TTCTGCGAGCGCCCTT-1,2/VL,2
-0.5616368651390076,TTCTGCGGGTTAGCGG-1,8/CA1,3
0.0,TTCTGCTAGACTCCAA-1,8/CA1,4
0.0,TTCTTAGTGAACGGTG-1,7/cpd,4
-0.4648995101451874,TTCTTAGTGGCTCAGA-1,7/cpd,3
0.9162336091200513,TTCTTATCCGCTGGGT-1,"9/II,III,IV",4
0.9155444800853728,TTCTTCCCTTTGATAT-1,1/MB,4
-1.026536375284195,TTCTTCGCAATAGAGC-1,1/MB,2
-1.026536375284195,TTCTTGAGCCGCGCTA-1,5/PIR,2
0.9553645352522532,TTCTTGCTAGCATCTC-1,"4/V,VIa,VIb",4
-0.5616368651390076,TTCTTGGACGATCTGC-1,10/I,3
-0.4648995101451874,TTCTTGGAGTAATGAG-1,6/TH,3
-0.4648995101451874,TTCTTGTAACCTAATG-1,7/cpd,3
-0.4648995101451874,TTCTTTGGTCGCGACG-1,15/DG,3
-0.4648995101451874,TTGAAAGGTGTAAAGG-1,0/HYL,3
-1.026536375284195,TTGAACGAATCCTTTG-1,10/I,2
-0.4648995101451874,TTGAAGAATTCCCAGG-1,3/CA3,3
-0.4648995101451874,TTGAATATGGACTTTC-1,3/CA3,3
0.0,TTGAATTCACGTGAGG-1,13/CA1-pyramidal layer of the hippocampus,4
0.7053557932376862,TTGACAGGAGCTCCCG-1,"4/V,VIa,VIb",4
1.8063432772954304,TTGACATGAACGTGGA-1,5/PIR,5
-0.4648995101451874,TTGACCATGTTCTCCG-1,6/TH,3
0.4394871691862742,TTGACCGTGTTAATGA-1,5/PIR,4
-0.5616368651390076,TTGACGATTCAGCACG-1,0/HYL,3
-0.4648995101451874,TTGACGCTCCATGAGC-1,11/fxs,3
-0.5616368651390076,TTGACTACCATATGGT-1,2/VL,3
0.9356353084246318,TTGACTATTGTCCGGC-1,"4/V,VIa,VIb",4
-1.026536375284195,TTGAGAAGTTTAGCAT-1,"9/II,III,IV",2
0.7937460343043009,TTGAGAGTACTGCTAA-1,5/PIR,4
0.7857531507809956,TTGAGCAGCCCACGGT-1,"9/II,III,IV",4
0.2975345353285471,TTGAGCGCCACGTGAT-1,"4/V,VIa,VIb",4
-1.026536375284195,TTGAGGCATTTAACTC-1,0/HYL,2
0.3764157195885976,TTGAGTCCCGCTGCTG-1,"4/V,VIa,VIb",4
0.0,TTGATAGTCAATACAT-1,13/CA1-pyramidal layer of the hippocampus,4
-0.4648995101451874,TTGATCTAACTTTGTC-1,3/CA3,3
-0.4648995101451874,TTGATGTGTAGTCCCG-1,6/TH,3
-1.026536375284195,TTGATTAGCTGTTTCT-1,5/PIR,2
0.5861920615037282,TTGATTATGCAGATGA-1,2/VL,4
-0.4648995101451874,TTGCACAATTCAGAAA-1,3/CA3,3
0.0,TTGCACGGAGCAGCAC-1,0/HYL,4
0.0,TTGCATGCTGATCACG-1,2/VL,4
-0.5616368651390076,TTGCCAAGCAGAACCC-1,"9/II,III,IV",3
-0.4648995101451874,TTGCCCTGATCACGGG-1,2/VL,3
2.5540440877278647,TTGCCGGTGATCCCTC-1,0/HYL,6
0.20581896851460132,TTGCGGCATCAGAAAG-1,5/PIR,4
1.4506671627362566,TTGCGGCGACTCATGC-1,1/MB,5
-0.4648995101451874,TTGCGTAGTTTGAGGA-1,2/VL,3
0.761024425427119,TTGCGTCGGCCAACCG-1,5/PIR,4
-0.4648995101451874,TTGCGTGAACGCTTAG-1,0/HYL,3
1.767159640789032,TTGCTAGCTACCAATC-1,1/MB,5
-0.4648995101451874,TTGCTCCCATACCGGA-1,6/TH,3
-0.5616368651390076,TTGCTGAAGGAACCAC-1,0/HYL,3
-0.4648995101451874,TTGCTGATCATGTTCG-1,3/CA3,3
-1.026536375284195,TTGCTGCACCTATCCA-1,2/VL,2
2.105990091959636,TTGCTGGCCGGGCTTC-1,0/HYL,6
2.0095259904861447,TTGGAAGAATACAGTC-1,10/I,6
0.0,TTGGACATGTGGCTTA-1,2/VL,4
-1.026536375284195,TTGGACCATCTGGCAA-1,"9/II,III,IV",2
-0.4648995101451874,TTGGACCTATAACAGT-1,"9/II,III,IV",3
-0.5616368651390076,TTGGAGTCTCCCTTCT-1,1/MB,3
0.2046313385168711,TTGGATATCGTCTACG-1,5/PIR,4
-0.5616368651390076,TTGGATCGACTTCTGG-1,0/HYL,3
-0.5616368651390076,TTGGATTGGGTACCAC-1,0/HYL,3
-1.026536375284195,TTGGCCATCTTGCGCT-1,10/I,2
-0.4648995101451874,TTGGCCTAGAATTTCG-1,0/HYL,3
0.4652835627396901,TTGGCGATCCGAATAT-1,"4/V,VIa,VIb",4
0.0,TTGGCTCGCATGAGAC-1,7/cpd,4
-0.4648995101451874,TTGGGACACTGCCCGC-1,7/cpd,3
-0.4648995101451874,TTGGGACGTAAGAGTT-1,"9/II,III,IV",3
-0.4648995101451874,TTGGGCGGCGGTTGCC-1,0/HYL,3
-0.4648995101451874,TTGGGTTTATTCAGCG-1,7/cpd,3
-0.4648995101451874,TTGGTATGGCTTGTGT-1,"4/V,VIa,VIb",3
-0.5616368651390076,TTGGTCACACTCGTAA-1,5/PIR,3
-1.026536375284195,TTGGTGCGGTGTTGAA-1,12/cingulum bundle,2
0.6035461823145549,TTGGTTCGCTCAAAGG-1,"9/II,III,IV",4
0.0,TTGTAACTTCATAGCG-1,0/HYL,4
-1.026536375284195,TTGTAAGGACCTAAGT-1,5/PIR,2
-0.4648995101451874,TTGTAAGGCCAGTTGG-1,6/TH,3
0.0,TTGTAATCCGTACTCG-1,3/CA3,4
0.9845732351144154,TTGTATCACACAGAAT-1,6/TH,4
-1.026536375284195,TTGTCGTTCAGTTACC-1,0/HYL,2
2.582298626502354,TTGTGAACCTAATCCG-1,"9/II,III,IV",6
0.0,TTGTGAGGCATGACGC-1,5/PIR,4
-0.5616368651390076,TTGTGGCCCTGACAGT-1,7/cpd,3
-1.026536375284195,TTGTGGTAGGAGGGAT-1,5/PIR,2
-1.026536375284195,TTGTGGTATAGGTATG-1,"4/V,VIa,VIb",2
-0.5616368651390076,TTGTGTATGCCACCAA-1,10/I,3
3.72122061252594,TTGTGTTTCCCGAAAG-1,"4/V,VIa,VIb",7
-0.4648995101451874,TTGTTAGCAAATTCGA-1,7/cpd,3
-0.4648995101451874,TTGTTCAGTGTGCTAC-1,0/HYL,3
-0.4648995101451874,TTGTTGTGTGTCAAGA-1,3/CA3,3
-1.026536375284195,TTGTTTCCATACAACT-1,5/PIR,2
-0.5616368651390076,TTGTTTGTGTAAATTC-1,1/MB,3
